1.000000000 -0.000000000 0.000000000 -0.000000000 -0.000000000 1.000000000 0.000000000 0.000000119 0.000000000 0.000000000 1.000000000 0.000000000
0.999991119 -0.002564956 -0.003338890 -0.000027121 0.002558400 0.999994814 -0.001966328 -0.005541265 0.003343917 0.001957769 0.999992490 0.696405411
0.999972761 -0.001544962 -0.007214800 -0.009639086 0.001519216 0.999992490 -0.003572526 -0.007939716 0.007220265 0.003561468 0.999967575 1.399065375
0.999937057 -0.001353118 -0.011138557 -0.027521949 0.001298374 0.999987066 -0.004920564 -0.013584237 0.011145072 0.004905792 0.999925852 2.127826929
0.999870181 -0.000208928 -0.016120218 -0.042985365 0.000122237 0.999985516 -0.005378598 -0.019650677 0.016121112 0.005375929 0.999855518 2.872682810
0.999788761 -0.001439919 -0.020505037 -0.057833016 0.001323035 0.999982715 -0.005712686 -0.025613422 0.020512911 0.005684349 0.999773443 3.635659218
0.999692023 0.000865263 -0.024798619 -0.091731429 -0.001035095 0.999976158 -0.006836418 -0.036552433 0.024792107 0.006859981 0.999669194 4.413580418
0.999549448 0.003716019 -0.029785004 -0.119494468 -0.003960946 0.999958813 -0.008168359 -0.032640915 0.029753426 0.008282655 0.999522924 5.200910091
0.999420464 0.003817796 -0.033820551 -0.155235723 -0.004014072 0.999975443 -0.005737444 -0.052960478 0.033797819 0.005869878 0.999411464 6.013438702
0.999263227 0.002702847 -0.038284317 -0.187212527 -0.002828134 0.999990821 -0.003218736 -0.056618176 0.038275275 0.003324638 0.999261677 6.837150097
0.999141216 0.002805579 -0.041342761 -0.230523705 -0.002817522 0.999996006 -0.000230596 -0.071068443 0.041341953 0.000346882 0.999145031 7.662996292
0.999024510 0.004158456 -0.043964576 -0.270202041 -0.004205106 0.999990761 -0.000968675 -0.075452834 0.043960147 0.001152606 0.999032617 8.507151604
0.998940110 0.003811035 -0.045869600 -0.312509656 -0.003864104 0.999991953 -0.001068353 -0.084313832 0.045865159 0.001244466 0.998946905 9.345406532
0.998847723 0.000665457 -0.047989704 -0.349190772 -0.000736616 0.999998629 -0.001465125 -0.094658747 0.047988664 0.001498787 0.998846769 10.192805290
0.998750925 0.000868927 -0.049957577 -0.390966415 -0.000910352 0.999999225 -0.000806460 -0.099876702 0.049956843 0.000850932 0.998750985 11.048601151
0.998694599 -0.000857485 -0.051072367 -0.439703822 0.000800314 0.999998987 -0.001139848 -0.107806154 0.051073294 0.001097487 0.998694360 11.913277626
0.998600662 0.001000373 -0.052873082 -0.494983017 -0.001167830 0.999994576 -0.003136354 -0.120746963 0.052869644 0.003193712 0.998596311 12.807342529
0.998537242 0.001586572 -0.054044265 -0.547091663 -0.001915122 0.999980092 -0.006028031 -0.125441819 0.054033615 0.006122714 0.998520374 13.694420815
0.998459637 0.005334311 -0.055224467 -0.612327874 -0.005770134 0.999953389 -0.007735401 -0.137139738 0.055180624 0.008042139 0.998443961 14.581733704
0.998353720 0.006207103 -0.057022218 -0.663875818 -0.006615462 0.999953747 -0.006975413 -0.156160533 0.056976292 0.007341158 0.998348475 15.512648582
0.998305619 0.005703378 -0.057908002 -0.723657668 -0.006012396 0.999968529 -0.005163531 -0.174107581 0.057876732 0.005502948 0.998308539 16.422435760
0.998235822 0.006176173 -0.059052002 -0.784248352 -0.006415472 0.999971986 -0.003863630 -0.182711408 0.059026483 0.004235660 0.998247385 17.354576111
0.998133302 0.005592518 -0.060816951 -0.840100765 -0.005847000 0.999974906 -0.004007227 -0.192609578 0.060793009 0.004355342 0.998140872 18.306516647
0.998041749 0.005334026 -0.062325012 -0.896831810 -0.005634017 0.999973416 -0.004638593 -0.205720842 0.062298611 0.004980649 0.998045087 19.237037659
0.998024762 0.003767069 -0.062709779 -0.965918303 -0.004090389 0.999979019 -0.005028256 -0.223162323 0.062689520 0.005274830 0.998019099 20.185934067
0.997955501 0.004220801 -0.063772880 -1.025062561 -0.004466764 0.999983191 -0.003714760 -0.229535758 0.063756123 0.003992024 0.997957468 21.129302979
0.997963667 0.005741624 -0.063526280 -1.090459108 -0.005784571 0.999983191 -0.000492143 -0.239391893 0.063522361 0.000858614 0.997979999 22.080982208
0.998013437 0.006598670 -0.062655538 -1.152529955 -0.006382535 0.999973059 0.003649116 -0.252249658 0.062677920 -0.003241965 0.998028517 23.037757874
0.998107851 0.004781137 -0.061301555 -1.213447094 -0.004389041 0.999969125 0.006529222 -0.260065615 0.061330877 -0.006247812 0.998098016 23.998563766
0.998184562 0.004958688 -0.060025390 -1.267481923 -0.004540593 0.999964535 0.007099697 -0.262418807 0.060058463 -0.006814257 0.998171508 24.970779419
0.998275697 0.005067355 -0.058479872 -1.326219916 -0.004807793 0.999978006 0.004578319 -0.272490650 0.058501787 -0.004289267 0.998278022 25.935457230
0.998340607 0.005692476 -0.057301149 -1.391873837 -0.005713135 0.999983668 -0.000196703 -0.278687716 0.057299100 0.000523746 0.998356879 26.907764435
0.998416722 0.004841453 -0.056039315 -1.451588273 -0.005028795 0.999982178 -0.003202516 -0.283179492 0.056022815 0.003479257 0.998423398 27.888525009
0.998466074 0.002560000 -0.055306226 -1.506184578 -0.002698049 0.999993443 -0.002421573 -0.288740069 0.055299677 0.002567078 0.998466492 28.882194519
0.998449564 0.000671727 -0.055656947 -1.559465885 -0.000513711 0.999995708 0.002853365 -0.304790556 0.055658616 -0.002820350 0.998445868 29.874940872
0.998397112 -0.002951778 -0.056518104 -1.611469746 0.003320521 0.999973714 0.006431538 -0.312998027 0.056497633 -0.006608900 0.998380840 30.871896744
0.998292446 -0.010181176 -0.057519339 -1.661126256 0.010543832 0.999926388 0.006004958 -0.325356603 0.057453960 -0.006601180 0.998326302 31.867755890
0.998187959 -0.012955859 -0.058761075 -1.720365405 0.013100468 0.999912083 0.002076369 -0.330160767 0.058729004 -0.002842403 0.998270035 32.874645233
0.998107672 -0.012548537 -0.060194317 -1.782576442 0.012444654 0.999920368 -0.002100392 -0.331876367 0.060215879 0.001347321 0.998184502 33.877681732
0.997996926 -0.011455890 -0.062215574 -1.849848747 0.011311854 0.999932528 -0.002666806 -0.345807493 0.062241927 0.001957691 0.998059094 34.894248962
0.997964680 -0.011394943 -0.062742412 -1.916545153 0.011341280 0.999934971 -0.001211372 -0.357366860 0.062752135 0.000497328 0.998028994 35.909744263
0.997898936 -0.008477810 -0.064231850 -1.984307647 0.008606173 0.999961495 0.001722006 -0.371890545 0.064214781 -0.002271178 0.997933447 36.937553406
0.997819722 -0.008046477 -0.065505363 -2.053865910 0.008254142 0.999961793 0.002900166 -0.379294544 0.065479510 -0.003434533 0.997847974 37.966377258
0.997777700 -0.007182230 -0.066241369 -2.133071899 0.007582107 0.999954522 0.005787227 -0.391024411 0.066196784 -0.006276616 0.997786820 39.003479004
0.997785270 -0.007568534 -0.066084400 -2.204129457 0.008172440 0.999927282 0.008872879 -0.394828856 0.066012435 -0.009393299 0.997774541 40.027767181
0.997782111 -0.001418000 -0.066548482 -2.286578417 0.002164397 0.999935508 0.011145082 -0.400000960 0.066528380 -0.011264398 0.997720897 41.065814972
0.997778714 -0.001644208 -0.066595040 -2.359978199 0.002348150 0.999942183 0.010493590 -0.401235640 0.066573918 -0.010626654 0.997724831 42.069072723
0.997762263 -0.001996212 -0.066830993 -2.423038483 0.002613194 0.999954760 0.009145839 -0.410269260 0.066809699 -0.009300015 0.997722268 43.084579468
0.997760892 0.000343094 -0.066881068 -2.491037130 0.000102209 0.999977887 0.006654610 -0.412567824 0.066881888 -0.006646546 0.997738779 44.137271881
0.997706711 0.000207910 -0.067685902 -2.566000462 0.000243773 0.999977827 0.006664903 -0.416726887 0.067685798 -0.006666118 0.997684479 45.149959564
0.997626722 -0.001234625 -0.068843119 -2.642112732 0.001776613 0.999967873 0.007812127 -0.420852363 0.068831272 -0.007915895 0.997596920 46.178134918
0.997552574 -0.001230194 -0.069909722 -2.706716776 0.001854629 0.999958992 0.008867813 -0.428393453 0.069895945 -0.008975767 0.997513831 47.192928314
0.997547567 0.001073407 -0.069984220 -2.782304049 -0.000720002 0.999986827 0.005074807 -0.433366358 0.069988757 -0.005011973 0.997535169 48.201332092
0.997488141 0.001189420 -0.070823617 -2.858147621 -0.001113961 0.999998748 0.001104952 -0.440796614 0.070824839 -0.001023282 0.997488201 49.196025848
0.997431874 0.001823797 -0.071598001 -2.926172495 -0.001828526 0.999998391 -0.000000499 -0.451344311 0.071597882 0.000131416 0.997433603 50.189331055
0.997441590 0.000723711 -0.071483947 -3.015467644 -0.000460640 0.999993026 0.003696568 -0.466423213 0.071486130 -0.003654183 0.997434914 51.215427399
0.997425199 -0.001032011 -0.071707115 -3.082755089 0.001533129 0.999974787 0.006933715 -0.474667877 0.071698144 -0.007025799 0.997401655 52.205768585
0.997400939 -0.002835752 -0.071995765 -3.150320053 0.003393681 0.999965191 0.007628337 -0.481278807 0.071971618 -0.007852841 0.997375786 53.191883087
0.997367799 -0.006105726 -0.072251059 -3.219343185 0.006573260 0.999958992 0.006234956 -0.491139799 0.072210044 -0.006693471 0.997366965 54.190689087
0.997328460 -0.008850507 -0.072508991 -3.291204453 0.009240760 0.999944568 0.005048435 -0.499107629 0.072460301 -0.005704987 0.997354984 55.159622192
0.997231901 -0.010072356 -0.073667854 -3.362130880 0.010549519 0.999925792 0.006090963 -0.506228983 0.073601045 -0.006851263 0.997264206 56.145839691
0.997089982 -0.013760475 -0.074981287 -3.424553633 0.014563259 0.999842286 0.010170205 -0.510254383 0.074829526 -0.011232582 0.997133017 57.131118774
0.997051895 -0.014328204 -0.075379744 -3.497701168 0.015513805 0.999764621 0.015166339 -0.512692213 0.075144708 -0.016291052 0.997039616 58.108207703
0.997013152 -0.012410433 -0.076228186 -3.571574211 0.013773805 0.999754071 0.017385775 -0.513540626 0.075993672 -0.018383801 0.996938765 59.076480865
0.996902347 -0.011940915 -0.077736959 -3.646150589 0.013052914 0.999819458 0.013812274 -0.518417478 0.077557996 -0.014784183 0.996878207 60.036849976
0.996862411 -0.009895909 -0.078531846 -3.730780602 0.010383805 0.999929249 0.005806801 -0.518390775 0.078468822 -0.006604043 0.996894717 60.984672546
0.996778309 -0.009008688 -0.079698294 -3.803972244 0.009105406 0.999958158 0.000850222 -0.522218287 0.079687305 -0.001573168 0.996818662 61.915134430
0.996726394 -0.004163811 -0.080741279 -3.882961512 0.004343463 0.999988496 0.002049542 -0.539355516 0.080731817 -0.002393532 0.996732950 62.839977264
0.996659160 -0.001386210 -0.081660055 -3.966287613 0.001751655 0.999988794 0.004403718 -0.550788760 0.081653036 -0.004532048 0.996650457 63.780506134
0.996551692 0.001170088 -0.082965702 -4.042273045 -0.000689533 0.999982834 0.005820620 -0.559614301 0.082971081 -0.005743341 0.996535361 64.678680420
0.996482253 0.001478248 -0.083790265 -4.126683712 -0.001000204 0.999983013 0.005746938 -0.568514228 0.083797328 -0.005642914 0.996466815 65.574409485
0.996344864 0.003342803 -0.085355565 -4.206646442 -0.002807467 0.999975681 0.006391100 -0.574102402 0.085374840 -0.006128107 0.996330082 66.444862366
0.996220410 0.004005361 -0.086768158 -4.282330513 -0.003374635 0.999966860 0.007414566 -0.590908349 0.086794980 -0.007093731 0.996200919 67.300926208
0.996096969 0.003794034 -0.088183343 -4.367477417 -0.003118258 0.999964714 0.007799787 -0.597150862 0.088209830 -0.007494365 0.996073723 68.168869019
0.995948911 0.003539052 -0.089850210 -4.440207005 -0.002785801 0.999959946 0.008507431 -0.597254634 0.089876741 -0.008222661 0.995918870 69.021430969
0.995851398 0.006459167 -0.090765111 -4.523969650 -0.005444336 0.999920070 0.011423988 -0.605964184 0.090831637 -0.010882440 0.995806813 69.825393677
0.995739162 0.007893040 -0.091876514 -4.604737282 -0.006488865 0.999857724 0.015571982 -0.609782577 0.091986358 -0.014909456 0.995648742 70.624855042
0.995539904 0.011188887 -0.093675293 -4.681278229 -0.009629639 0.999807775 0.017080763 -0.608756304 0.093848407 -0.016102526 0.995456219 71.424674988
0.995381892 0.013717849 -0.095008925 -4.760913372 -0.012543495 0.999837577 0.012946693 -0.612303853 0.095171079 -0.011695161 0.995392203 72.191696167
0.995254099 0.013748748 -0.096334003 -4.838451385 -0.013249608 0.999895275 0.005819147 -0.621279478 0.096403919 -0.004515142 0.995332062 72.945770264
0.995130420 0.013004229 -0.097704731 -4.912171364 -0.013077400 0.999914408 -0.000108497 -0.626023650 0.097694948 0.001385692 0.995215416 73.672058105
0.995054424 0.013342842 -0.098430365 -4.981258392 -0.013509428 0.999908268 -0.001026123 -0.633284748 0.098407641 0.002350787 0.995143414 74.375793457
0.994949758 0.016470678 -0.099013649 -5.063153267 -0.016310409 0.999863923 0.002427931 -0.644437432 0.099040158 -0.000800717 0.995083094 75.081542969
0.994812608 0.016777981 -0.100331366 -5.132239342 -0.016388893 0.999854505 0.004701071 -0.659447253 0.100395665 -0.003032366 0.994942904 75.749969482
0.994764686 0.013611465 -0.101281561 -5.199129105 -0.013537821 0.999907434 0.001414473 -0.669428647 0.101291448 -0.000035936 0.994856715 76.409019470
0.994838536 0.005904092 -0.101298630 -5.251404762 -0.006302039 0.999973655 -0.003608874 -0.683781803 0.101274662 0.004228634 0.994849443 77.034950256
0.994980156 0.001793285 -0.100056723 -5.310804367 -0.002656612 0.999960423 -0.008495794 -0.692091763 0.100037538 0.008718955 0.994945407 77.659393311
0.995305121 0.004295310 -0.096692175 -5.382152557 -0.005168072 0.999948204 -0.008777534 -0.701597452 0.096649468 0.009236036 0.995275617 78.276977539
0.995652318 0.008849264 -0.092725992 -5.442428589 -0.009424382 0.999939024 -0.005766287 -0.713581562 0.092669293 0.006615102 0.995674849 78.856521606
0.996045232 0.007438165 -0.088534914 -5.474618912 -0.007702071 0.999966800 -0.002639574 -0.725503922 0.088512346 0.003311038 0.996069610 79.408737183
0.996553421 0.003736384 -0.082869351 -5.509793758 -0.003621106 0.999992192 0.001541332 -0.734817386 0.082874469 -0.001235941 0.996559262 79.971572876
0.997203290 -0.000639769 -0.074733280 -5.539630890 0.001032015 0.999985814 0.005210100 -0.747917593 0.074728891 -0.005272655 0.997189939 80.518707275
0.997939646 0.003023383 -0.064088687 -5.569407463 -0.002706695 0.999983668 0.005027642 -0.755984902 0.064102836 -0.004843816 0.997931600 81.054679871
0.998768687 0.008124544 -0.048937600 -5.596516132 -0.007890705 0.999956608 0.004969594 -0.771479309 0.048975829 -0.004577323 0.998789549 81.562705994
0.999438405 0.012997556 -0.030886915 -5.602910519 -0.012833158 0.999902487 0.005514789 -0.776367545 0.030955579 -0.005115314 0.999507666 82.063278198
0.999895632 0.011653561 -0.008543687 -5.593569756 -0.011600542 0.999913394 0.006229211 -0.781239212 0.008615542 -0.006129448 0.999944091 82.558143616
0.999809086 0.008231498 0.017722268 -5.562592506 -0.008357655 0.999940276 0.007056349 -0.782927752 -0.017663121 -0.007203117 0.999818087 83.031211853
0.998866379 0.006810570 0.047113299 -5.520288467 -0.007229472 0.999935865 0.008726715 -0.790953517 -0.047050826 -0.009057425 0.998851418 83.496826172
0.996742606 0.006954954 0.080348000 -5.464067936 -0.007788726 0.999918997 0.010068272 -0.792360425 -0.080271468 -0.010661284 0.996716022 83.953460693
0.993052363 0.006397326 0.117499635 -5.380442619 -0.007752445 0.999908566 0.011079538 -0.804542601 -0.117418006 -0.011913467 0.993011236 84.391403198
0.987175047 0.006860618 0.159494132 -5.290126801 -0.008697983 0.999903619 0.010824686 -0.802616715 -0.159404501 -0.012073135 0.987139523 84.832580566
0.978905857 0.006819191 0.204197973 -5.162057877 -0.009238914 0.999897957 0.010898895 -0.806787789 -0.204102814 -0.012555556 0.978868902 85.259330750
0.967388332 0.008868873 0.253142774 -5.041189194 -0.011569515 0.999890864 0.009181807 -0.815941811 -0.253033727 -0.011811110 0.967385352 85.647819519
0.951640844 0.009800256 0.307056576 -4.890823364 -0.012345775 0.999903619 0.006348769 -0.823163927 -0.306964755 -0.009832601 0.951670051 86.047042847
0.932147980 0.010011627 0.361939132 -4.702934265 -0.012349596 0.999915123 0.004146751 -0.827211857 -0.361866891 -0.008335189 0.932192504 86.409767151
0.908078194 0.009925834 0.418683112 -4.501182556 -0.012054629 0.999924362 0.002439705 -0.832375169 -0.418627143 -0.007262513 0.908129156 86.747123718
0.878695607 0.010043158 0.477276802 -4.284793854 -0.011949741 0.999928117 0.000959083 -0.839682698 -0.477232903 -0.006546075 0.878752470 87.087402344
0.845829129 0.008507355 0.533386111 -4.032546997 -0.009256816 0.999956310 -0.001269809 -0.844423532 -0.533373594 -0.003863417 0.845870912 87.384819031
0.808661878 0.008397165 0.588213921 -3.775348663 -0.008927034 0.999958158 -0.002002436 -0.854997694 -0.588206053 -0.003631712 0.808702946 87.679298401
0.768691599 0.007048914 0.639580905 -3.499454498 -0.007900597 0.999967575 -0.001525318 -0.859431088 -0.639570951 -0.003880571 0.768722296 87.953575134
0.726815760 0.006373887 0.686802804 -3.188396454 -0.008791851 0.999961376 0.000023902 -0.859963417 -0.686776161 -0.006055640 0.726843774 88.204772949
0.681966186 0.005150197 0.731365502 -2.877052307 -0.008820898 0.999960363 0.001183489 -0.870471299 -0.731330514 -0.007258400 0.681984603 88.431381226
0.637602687 0.004030470 0.770354807 -2.529605865 -0.004917539 0.999987304 -0.001161781 -0.868685603 -0.770349681 -0.003047495 0.637614310 88.620941162
0.591146111 0.001438983 0.806563258 -2.190708160 0.000242803 0.999998093 -0.001962044 -0.874734521 -0.806564510 0.001355690 0.591144443 88.804916382
0.544781685 0.003041913 0.838572383 -1.849910736 -0.001074670 0.999995172 -0.002929310 -0.882950246 -0.838577271 0.000694645 0.544782102 88.977546692
0.497599483 0.006143781 0.867385149 -1.507286072 -0.005684816 0.999976635 -0.003821689 -0.891097546 -0.867388308 -0.003029254 0.497622669 89.137908936
0.451170444 0.008588153 0.892396450 -1.160839081 -0.006210158 0.999959767 -0.006483628 -0.892676950 -0.892416239 -0.002616702 0.451205581 89.293853760
0.409131110 0.006004740 0.912455797 -0.807418823 0.000970317 0.999975026 -0.007015766 -0.900948405 -0.912475109 0.003755739 0.409115016 89.398689270
0.369260460 -0.001516903 0.929324687 -0.411840439 0.015511909 0.999869347 -0.004531496 -0.905960619 -0.929196477 0.016088901 0.369235754 89.511306763
0.333994240 -0.004742422 0.942563176 -0.038576126 0.019543789 0.999807239 -0.001894841 -0.904901862 -0.942372441 0.019054122 0.334022492 89.602416992
0.300751656 -0.000946329 0.953702033 0.327186584 0.016474096 0.999855459 -0.004203011 -0.914387584 -0.953560233 0.016975444 0.300723672 89.700637817
0.269724488 0.006975637 0.962912202 0.705224991 0.005752567 0.999944270 -0.008855280 -0.923931122 -0.962920368 0.007927705 0.269669294 89.805496216
0.241370261 0.010495702 0.970376313 1.081735611 0.001210326 0.999937415 -0.011116493 -0.944389820 -0.970432401 0.003857663 0.241342440 89.887802124
0.215750799 0.012847318 0.976363897 1.507841110 0.002440002 0.999903202 -0.013696232 -0.952966452 -0.976445377 0.005337303 0.215698510 89.972587585
0.192503288 0.013961419 0.981196940 1.915824890 0.009910081 0.999820113 -0.016170688 -0.962677598 -0.981246233 0.012836653 0.192330316 90.022102356
0.172350287 0.020037035 0.984831870 2.332033157 0.016409477 0.999595881 -0.023209155 -0.963409722 -0.984898925 0.020160682 0.171951860 90.065353394
0.152615219 0.026982054 0.987917244 2.773014069 0.017983245 0.999385893 -0.030073367 -0.964061260 -0.988122046 0.022355612 0.152036250 90.125007629
0.134973422 0.027832642 0.990458250 3.216753006 0.016102858 0.999411762 -0.030278642 -0.972473264 -0.990718365 0.020036016 0.134445846 90.183380127
0.119284503 0.023367858 0.992585063 3.678486824 0.014220633 0.999580264 -0.025241511 -0.992803335 -0.992758274 0.017126108 0.118902124 90.234710693
0.104865991 0.020332532 0.994278491 4.152408600 0.014791751 0.999648571 -0.022002425 -1.009715080 -0.994376361 0.017014423 0.104528375 90.274856567
0.091909230 0.017748311 0.995609105 4.645303726 0.016630618 0.999674320 -0.019356027 -1.027562976 -0.995628476 0.018336589 0.091584124 90.308341980
0.080274470 0.017271422 0.996623099 5.150090218 0.020548170 0.999608755 -0.018978242 -1.035039186 -0.996560991 0.022002248 0.079888165 90.335044861
0.070155278 0.017657576 0.997379780 5.672199249 0.023614665 0.999533772 -0.019356754 -1.050006866 -0.997256517 0.024910768 0.069705591 90.362075806
0.061958537 0.018159334 0.997913420 6.202220917 0.025337653 0.999483645 -0.019761072 -1.065793276 -0.997757018 0.026509155 0.061466433 90.393432617
0.056814335 0.018422926 0.998214781 6.762403011 0.027379319 0.999424994 -0.020003576 -1.078536272 -0.998009264 0.028466923 0.056277256 90.414382935
0.051606197 0.019557508 0.998475969 7.332131863 0.028366694 0.999376118 -0.021041267 -1.090565085 -0.998264551 0.029409317 0.051019214 90.432868958
0.045595549 0.020096391 0.998757720 7.932295322 0.029277684 0.999341249 -0.021444725 -1.106853724 -0.998530805 0.030219097 0.044977140 90.459808350
0.041147437 0.019829534 0.998956203 8.543613434 0.031686436 0.999274313 -0.021141022 -1.123826265 -0.998650372 0.032523271 0.040489256 90.477096558
0.038238585 0.020034179 0.999067664 9.177950859 0.033639003 0.999206543 -0.021324469 -1.138920307 -0.998702228 0.034423064 0.037534311 90.496635437
0.035299797 0.019535221 0.999185741 9.825680733 0.034070097 0.999204397 -0.020739224 -1.156363249 -0.998795867 0.034774445 0.034606136 90.518501282
0.032855559 0.018949326 0.999280453 10.493371964 0.035692394 0.999160349 -0.020120583 -1.172766805 -0.998822689 0.036327783 0.032151621 90.537803650
0.032206442 0.018515565 0.999309719 11.188048363 0.040862300 0.998967946 -0.019826174 -1.189407110 -0.998645544 0.041472625 0.031416621 90.551033020
0.033449579 0.018123414 0.999276042 11.888906479 0.044328142 0.998824716 -0.019599061 -1.207589388 -0.998456895 0.044951636 0.032606889 90.567253113
0.035668291 0.018157873 0.999198675 12.609723091 0.045655269 0.998761356 -0.019779680 -1.220373750 -0.998320341 0.046324197 0.034795113 90.594436646
0.039627880 0.018095963 0.999050677 13.357704163 0.048483782 0.998623431 -0.020011364 -1.243765235 -0.998037577 0.049230751 0.038695972 90.620704651
0.043890342 0.017431833 0.998884320 14.115049362 0.048614834 0.998625934 -0.019563431 -1.259324312 -0.997852862 0.049419232 0.042982589 90.653129578
0.048177436 0.015694272 0.998715580 14.883569717 0.050625473 0.998552978 -0.018133862 -1.278429747 -0.997555017 0.051434088 0.047313202 90.688102722
0.051983863 0.014181636 0.998547196 15.682903290 0.050294232 0.998593092 -0.016800579 -1.299237490 -0.997380674 0.051094525 0.051197469 90.732505798
0.056181006 0.012229616 0.998345613 16.487747192 0.047303583 0.998769462 -0.014896771 -1.314126134 -0.997299373 0.048062246 0.055533368 90.780364990
0.060219254 0.011053540 0.998124003 17.302446365 0.046517909 0.998821199 -0.013867797 -1.333339691 -0.997100711 0.047265746 0.059634075 90.834007263
0.064151242 0.011984616 0.997868240 18.123718262 0.043478616 0.998944879 -0.014792711 -1.353601694 -0.996992588 0.044334896 0.063562475 90.897781372
0.067912728 0.015849153 0.997565448 18.956766129 0.041656557 0.998956859 -0.018707173 -1.378285766 -0.996821225 0.042825587 0.067181662 90.948539734
0.069185778 0.021095019 0.997380793 19.796636581 0.035997946 0.999072492 -0.023627885 -1.402097702 -0.996954143 0.037538372 0.068362221 91.019615173
0.069163166 0.024287485 0.997309744 20.620014191 0.033142347 0.999095917 -0.026629396 -1.429194212 -0.997054696 0.034894954 0.068295695 91.080314636
0.068767652 0.023977565 0.997344553 21.469324112 0.030377975 0.999197245 -0.026116690 -1.458304882 -0.997170091 0.032093290 0.067984030 91.154243469
0.068855971 0.022379145 0.997375667 22.309762955 0.027712770 0.999319673 -0.024335977 -1.486017823 -0.997241616 0.029315718 0.068188921 91.216728210
0.068631604 0.021314252 0.997414410 23.140407562 0.028718397 0.999315262 -0.023330975 -1.514839649 -0.997228622 0.030245388 0.067972489 91.278129578
0.068888962 0.020359114 0.997416556 23.976518631 0.026001701 0.999415517 -0.022195781 -1.549520373 -0.997285366 0.027463574 0.068319306 91.348953247
0.068520851 0.020740295 0.997433960 24.842178345 0.024657793 0.999443352 -0.022475986 -1.576284409 -0.997344911 0.026134597 0.067971282 91.420890808
0.068728544 0.021025430 0.997413754 25.675876617 0.021643531 0.999511182 -0.022561027 -1.611081719 -0.997400641 0.023138141 0.068239868 91.482902527
0.067803778 0.022153959 0.997452617 26.503208160 0.018526969 0.999553084 -0.023460016 -1.643113613 -0.997526646 0.020070449 0.067363031 91.539154053
0.064829282 0.022342846 0.997646153 27.324026108 0.015690962 0.999602854 -0.023406303 -1.663761258 -0.997772932 0.017171444 0.064452954 91.596855164
0.061035853 0.021243082 0.997909486 28.157985687 0.014003442 0.999656856 -0.022136789 -1.691218376 -0.998037457 0.015325305 0.060717434 91.649650574
0.056599967 0.018724842 0.998221219 28.985023499 0.012142297 0.999737322 -0.019441757 -1.719060659 -0.998323143 0.013221102 0.056357730 91.690917969
0.050770499 0.016508829 0.998573840 29.809202194 0.009947080 0.999805450 -0.017034931 -1.744645953 -0.998660803 0.010797768 0.050596409 91.728736877
0.043116458 0.017656321 0.998914003 30.639244080 0.010083909 0.999785185 -0.018106973 -1.757895708 -0.999019146 0.010853669 0.042929150 91.771080017
0.034495790 0.018295318 0.999237418 31.456254959 0.009447767 0.999781847 -0.018631443 -1.785347700 -0.999360144 0.010083269 0.034315407 91.796730042
0.023912637 0.018671438 0.999539673 32.278984070 0.009629667 0.999774933 -0.018906206 -1.811901569 -0.999667645 0.010077332 0.023727452 91.828193665
0.014094596 0.017940972 0.999739707 33.077735901 0.011512025 0.999769747 -0.018103812 -1.835724115 -0.999834359 0.011764191 0.013884814 91.828323364
0.003394155 0.017097110 0.999848068 33.887790680 0.009925380 0.999803960 -0.017130047 -1.862420797 -0.999944925 0.009982014 0.003223795 91.828590393
-0.007730937 0.016174247 0.999839365 34.685840607 0.011900515 0.999799848 -0.016081592 -1.885253668 -0.999899328 0.011774276 -0.007921869 91.817687988
-0.018977256 0.016141271 0.999689639 35.490524292 0.011608606 0.999805868 -0.015922787 -1.913601875 -0.999752522 0.011302833 -0.019160952 91.810745239
-0.029944289 0.016740894 0.999411345 36.274982452 0.011337684 0.999801159 -0.016407728 -1.938422918 -0.999487221 0.010839693 -0.030128140 91.786758423
-0.040461894 0.017751833 0.999023438 37.067455292 0.011720790 0.999781847 -0.017290603 -1.967045426 -0.999112308 0.011009733 -0.040661123 91.749412537
-0.050677866 0.019112717 0.998532176 37.839488983 0.012148948 0.999754727 -0.018519532 -1.985605717 -0.998641193 0.011192584 -0.050897624 91.703948975
-0.059687085 0.019967927 0.998017430 38.618423462 0.012813257 0.999732852 -0.019235946 -2.006247520 -0.998134911 0.011639714 -0.059926998 91.640533447
-0.069895618 0.020122696 0.997351348 39.404403687 0.013454847 0.999724567 -0.019227648 -2.036030769 -0.997463584 0.012075282 -0.070147097 91.599815369
-0.079321139 0.020861018 0.996630788 40.163032532 0.013818756 0.999707937 -0.019825604 -2.054791451 -0.996753335 0.012199610 -0.079586238 91.537567139
-0.088112473 0.019895965 0.995911837 40.907447815 0.015251960 0.999710262 -0.018622447 -2.087338686 -0.995993733 0.013548738 -0.088390380 91.467483521
-0.095125578 0.018723261 0.995289147 41.671279907 0.016778851 0.999711215 -0.017202796 -2.112867832 -0.995323837 0.015063381 -0.095412284 91.393386841
-0.100417472 0.016639123 0.994806170 42.408012390 0.019075846 0.999708652 -0.014795572 -2.140356541 -0.994762480 0.017491039 -0.100705616 91.312179565
-0.103921160 0.015045559 0.994471669 43.132026672 0.021985058 0.999676049 -0.012826882 -2.163328409 -0.994342625 0.020530537 -0.104218274 91.225570679
-0.106508486 0.014396376 0.994207740 43.855449677 0.024509015 0.999629378 -0.011849258 -2.179019928 -0.994009733 0.023104999 -0.106821887 91.146575928
-0.108242579 0.013270618 0.994035900 44.558563232 0.024053199 0.999653101 -0.010726409 -2.200793982 -0.993833542 0.022748688 -0.108524241 91.070152283
-0.108817339 0.013865694 0.993965089 45.243347168 0.025810907 0.999604940 -0.011118645 -2.219293833 -0.993726790 0.024445234 -0.109132223 90.985900879
-0.107898422 0.014611899 0.994054615 45.907825470 0.026071306 0.999589622 -0.011863385 -2.239310026 -0.993820131 0.024636256 -0.108235084 90.915512085
-0.104512520 0.016380847 0.994388759 46.573066711 0.027524136 0.999528944 -0.013572676 -2.257060766 -0.994142652 0.025951171 -0.104914166 90.834983826
-0.099745668 0.017152332 0.994865119 47.196590424 0.027335014 0.999521255 -0.014491985 -2.271512270 -0.994637370 0.025749143 -0.100166775 90.786560059
-0.092218988 0.017728228 0.995580852 47.809165955 0.027038321 0.999517381 -0.015293811 -2.296816111 -0.995371640 0.025508460 -0.092653796 90.743247986
-0.081240423 0.017584203 0.996539414 48.400924683 0.025864452 0.999544859 -0.015528699 -2.319182634 -0.996358871 0.024513386 -0.081658229 90.706527710
-0.067425735 0.018047459 0.997561038 48.978351593 0.025694782 0.999536157 -0.016346466 -2.333956242 -0.997393310 0.024529940 -0.067858174 90.674049377
-0.049537234 0.019474803 0.998582423 49.534275055 0.024658915 0.999528944 -0.018269999 -2.355580568 -0.998467803 0.023718910 -0.049994119 90.647369385
-0.028167734 0.022207970 0.999356568 50.084251404 0.023098342 0.999500692 -0.021560125 -2.373778820 -0.999336243 0.022476181 -0.028666638 90.646232605
-0.003601797 0.024888735 0.999683797 50.614349365 0.020900145 0.999473691 -0.024808208 -2.399521828 -0.999775052 0.020804184 -0.004120082 90.661132812
0.024850018 0.026722297 0.999334037 51.141273499 0.019845907 0.999432445 -0.027218435 -2.418131113 -0.999494195 0.020509068 0.024305586 90.689239502
0.057646338 0.025717184 0.998005748 51.663177490 0.016685961 0.999503732 -0.026719591 -2.445566654 -0.998197615 0.018192971 0.057188619 90.748741150
0.095853165 0.023306949 0.995122612 52.181121826 0.015754562 0.999565125 -0.024928525 -2.463916779 -0.995270789 0.018067194 0.095444284 90.818649292
0.138034403 0.019625587 0.990233004 52.688972473 0.013257097 0.999677539 -0.021660756 -2.486184597 -0.990338743 0.016117543 0.137729675 90.911636353
0.182862028 0.015300880 0.983019471 53.202915192 0.010730551 0.999788284 -0.017557994 -2.503614902 -0.983079970 0.013759030 0.182659119 91.038993835
0.230971709 0.012554964 0.972879469 53.691867828 0.006801760 0.999871492 -0.014518105 -2.514061451 -0.972936690 0.009970562 0.230856627 91.188186646
0.283352286 0.010132327 0.958962381 54.134140015 0.002967497 0.999930143 -0.011442021 -2.545502186 -0.959011316 0.006087841 0.283302426 91.338378906
0.338402748 0.010091729 0.940947294 54.597221375 0.002748300 0.999927640 -0.011712700 -2.553751469 -0.940997422 0.006549614 0.338350564 91.534683228
0.396604598 0.011564354 0.917916715 55.040683746 0.004861546 0.999880135 -0.014697501 -2.557549477 -0.917976677 0.010291591 0.396500826 91.752243042
0.455445498 0.015792198 0.890123665 55.449554443 0.005848965 0.999767959 -0.020730181 -2.561530590 -0.890244484 0.014647770 0.455247462 92.009109497
0.514528930 0.017960280 0.857284784 55.815818787 0.006176701 0.999677062 -0.024650577 -2.595381260 -0.857450783 0.017978624 0.514251769 92.265480042
0.573290944 0.022052033 0.819055080 56.194282532 0.002424263 0.999587715 -0.028609490 -2.607294083 -0.819348395 0.018387165 0.573001087 92.562744141
0.629919171 0.024573179 0.776271939 56.550193787 -0.001363324 0.999532700 -0.030534295 -2.626596451 -0.776659608 0.018175825 0.629658341 92.882553101
0.681104898 0.024892092 0.731762707 56.846557617 -0.002180779 0.999486506 -0.031969339 -2.644804478 -0.732182741 0.020178659 0.680809259 93.238868713
0.728384256 0.025715623 0.684686124 57.106498718 -0.004135830 0.999442220 -0.033137519 -2.643520117 -0.685156405 0.021305107 0.728084207 93.591888428
0.773778796 0.022246297 0.633065104 57.379768372 -0.005932059 0.999593735 -0.027875740 -2.657089949 -0.633428097 0.017814280 0.773596406 93.978836060
0.814490616 0.016250156 0.579949379 57.620113373 -0.005543267 0.999779999 -0.020228744 -2.679227352 -0.580150485 0.013261306 0.814401269 94.395904541
0.850198686 0.015703458 0.526227832 57.825180054 -0.009138498 0.999844611 -0.015072336 -2.677271366 -0.526382685 0.008005549 0.850209951 94.827682495
0.881527066 0.010380855 0.472019166 58.019245148 -0.008046586 0.999943376 -0.006963661 -2.699533939 -0.472064793 0.002340513 0.881560743 95.252258301
0.906754076 0.010934822 0.421518058 58.181709290 -0.011362757 0.999934316 -0.001496679 -2.710585594 -0.421506763 -0.003432488 0.906818748 95.704841614
0.926762998 0.012542015 0.375437140 58.325344086 -0.014441015 0.999893248 0.002244645 -2.721211910 -0.375368923 -0.007501947 0.926845133 96.159530640
0.941626251 0.018710684 0.336139500 58.442249298 -0.021464514 0.999759614 0.004478384 -2.724290848 -0.335974872 -0.011432034 0.941801548 96.621475220
0.953379393 0.022571065 0.300929129 58.557353973 -0.024812605 0.999685585 0.003628281 -2.724580765 -0.300752580 -0.010925962 0.953639627 97.093116760
0.962501049 0.024005247 0.270213455 58.666206360 -0.026164804 0.999647915 0.004392302 -2.732141972 -0.270012915 -0.011297677 0.962790370 97.570762634
0.968470097 0.019453758 0.248369262 58.771636963 -0.021107918 0.999769211 0.003998571 -2.734972477 -0.248234138 -0.009115052 0.968657315 98.029876709
0.972389400 0.016357187 0.232790366 58.880958557 -0.017983917 0.999826491 0.004867144 -2.744173527 -0.232670337 -0.008919241 0.972514868 98.521919250
0.975216806 0.020421557 0.220307380 58.977096558 -0.021905590 0.999750853 0.004295023 -2.743058205 -0.220164761 -0.009014539 0.975421071 99.028915405
0.977256715 0.025892187 0.210473478 59.074878693 -0.027526818 0.999609292 0.004839980 -2.740731716 -0.210265949 -0.010523565 0.977587581 99.547195435
0.978352845 0.033269502 0.204252005 59.169830322 -0.034743089 0.999389648 0.003631769 -2.738851070 -0.204006508 -0.010649494 0.978911579 100.069519043
0.978642404 0.039385293 0.201761872 59.264419556 -0.040275782 0.999188602 0.000308540 -2.745801926 -0.201586008 -0.008428066 0.979434550 100.595603943
0.978659391 0.041476067 0.201260388 59.364555359 -0.041978266 0.999116957 -0.001773929 -2.759847403 -0.201156199 -0.006712489 0.979536235 101.161094666
0.978345931 0.038957790 0.203277230 59.491180420 -0.038465284 0.999239564 -0.006374621 -2.757384062 -0.203371003 -0.001582534 0.979100466 101.726821899
0.977577806 0.037768420 0.207159847 59.616622925 -0.035901070 0.999273777 -0.012767455 -2.764815331 -0.207491636 0.005043920 0.978223860 102.289665222
0.976675928 0.038283978 0.211278766 59.742431641 -0.035438988 0.999223232 -0.017237091 -2.772621393 -0.211774573 0.009347545 0.977273881 102.860122681
0.975539625 0.042870142 0.215602979 59.864402771 -0.040134650 0.999048769 -0.017051782 -2.780170918 -0.216128901 0.007981538 0.976332188 103.452873230
0.974207461 0.045680642 0.220982105 59.992950439 -0.043843579 0.998951018 -0.013213623 -2.786319256 -0.221353889 0.003184163 0.975188375 104.051132202
0.973106921 0.042881660 0.226327077 60.137649536 -0.042049166 0.999079347 -0.008500274 -2.802927494 -0.226483241 -0.001245189 0.974014223 104.701713562
0.972471416 0.038484827 0.229821995 60.293964386 -0.038880449 0.999239922 -0.002808464 -2.813382626 -0.229755402 -0.006204430 0.973228633 105.325111389
0.971628666 0.036020223 0.233752385 60.446960449 -0.037505627 0.999294519 0.001911121 -2.822882175 -0.233518675 -0.010623930 0.972294271 105.968765259
0.971101344 0.031190885 0.236620307 60.606136322 -0.032677501 0.999463141 0.002362532 -2.823366165 -0.236419573 -0.010026420 0.971599281 106.612625122
0.971059799 0.028075526 0.237179965 60.763828278 -0.028744902 0.999586582 -0.000636211 -2.832723379 -0.237099752 -0.006199914 0.971465647 107.260337830
0.971234083 0.027748458 0.236504376 60.938636780 -0.026732899 0.999614418 -0.007500334 -2.846387386 -0.236621305 0.000962135 0.971601486 107.937042236
0.971436262 0.030161198 0.235375568 61.100902557 -0.027674349 0.999520838 -0.013862433 -2.855114460 -0.235680863 0.006952606 0.971805692 108.609680176
0.971953392 0.032977432 0.232849717 61.258659363 -0.029670039 0.999403059 -0.017693177 -2.862169743 -0.233294234 0.010288284 0.972351789 109.304237366
0.972511709 0.031350862 0.230733573 61.422157288 -0.029013904 0.999487638 -0.013515331 -2.872639656 -0.231039032 0.006449338 0.972923100 110.020065308
0.972937763 0.027186297 0.229462415 61.588703156 -0.026507940 0.999630332 -0.006038810 -2.886737585 -0.229541764 -0.000207189 0.973298848 110.736824036
0.973501503 0.027876247 0.226975039 61.759376526 -0.028579079 0.999591470 -0.000189843 -2.895987272 -0.226887614 -0.006301923 0.973900557 111.475692749
0.973790169 0.030700879 0.225366578 61.915435791 -0.031334564 0.999508560 -0.000765464 -2.912072420 -0.225279331 -0.006316361 0.974273741 112.214225769
0.974071264 0.036973659 0.223199308 62.073394775 -0.036735117 0.999311388 -0.005222105 -2.916824818 -0.223238692 -0.003112549 0.974758863 112.964157104
0.974901140 0.038118944 0.219350293 62.236968994 -0.036651701 0.999270260 -0.010756033 -2.921406746 -0.219600216 0.002446508 0.975586951 113.722610474
0.975839376 0.036398433 0.215435877 62.403915405 -0.034302182 0.999320865 -0.013462485 -2.935457706 -0.215779573 0.005747302 0.976425171 114.495208740
0.976704597 0.034215756 0.211842954 62.571395874 -0.032426514 0.999403119 -0.011915509 -2.949515343 -0.212124214 0.004768605 0.977231085 115.277610779
0.977585495 0.030528536 0.208314016 62.749324799 -0.029116655 0.999527633 -0.009841416 -2.962475300 -0.208516091 0.003555418 0.978012443 116.075141907
0.978020787 0.029198047 0.206452593 62.914337158 -0.028382856 0.999573171 -0.006909857 -2.981988192 -0.206566229 0.000898269 0.978432238 116.881195068
0.978439629 0.026143534 0.204871416 63.090351105 -0.025740806 0.999657810 -0.004631019 -2.991224289 -0.204922408 -0.000742383 0.978777945 117.694381714
0.978595734 0.021409977 0.204675347 63.267738342 -0.021141538 0.999770224 -0.003498431 -3.001872301 -0.204703271 -0.000903602 0.978823721 118.532516479
0.978693187 0.021791609 0.204168603 63.432811737 -0.021891389 0.999758780 -0.001770120 -3.015366316 -0.204157919 -0.002737130 0.978934169 119.359802246
0.978476107 0.027308770 0.204545349 63.600158691 -0.027076524 0.999625623 -0.003934651 -3.022153378 -0.204576224 -0.001688415 0.978849232 120.196174622
0.978162825 0.033211205 0.205169365 63.763442993 -0.032390177 0.999448180 -0.007359862 -3.031308413 -0.205300555 0.000553673 0.978698850 121.036788940
0.977637470 0.041857861 0.206089959 63.924888611 -0.040926903 0.999123514 -0.008780194 -3.043624401 -0.206276849 0.000149223 0.978493631 121.878631592
0.976725519 0.047801755 0.209098414 64.090110779 -0.047139198 0.998855054 -0.008153884 -3.061629295 -0.209248751 -0.001892624 0.977860749 122.725753784
0.976000786 0.050279994 0.211882591 64.268844604 -0.050121594 0.998724401 -0.006121888 -3.078244925 -0.211920068 -0.004644927 0.977275968 123.582603455
0.975439548 0.050968722 0.214289144 64.450622559 -0.050657969 0.998691857 -0.006945095 -3.092479706 -0.214362770 -0.004080934 0.976745605 124.424957275
0.975110829 0.049219836 0.216185659 64.634880066 -0.048252728 0.998787522 -0.009752735 -3.104579449 -0.216403574 -0.000921549 0.976303577 125.272270203
0.975157738 0.042883974 0.217320621 64.837821960 -0.042076878 0.999079645 -0.008342047 -3.127360582 -0.217478305 -0.001009364 0.976064563 126.132766724
0.975419521 0.036073919 0.217382997 65.042167664 -0.034806646 0.999347329 -0.009657108 -3.149267673 -0.217589483 0.001853357 0.976038516 126.986694336
0.975086868 0.035493284 0.218965411 65.234558105 -0.034204818 0.999368012 -0.009673633 -3.169939280 -0.219170392 0.001942959 0.975684583 127.845863342
0.974576592 0.038152024 0.220782444 65.417648315 -0.037599504 0.999270320 -0.006706130 -3.186780214 -0.220877230 -0.001765674 0.975299954 128.702423096
0.974292576 0.039831206 0.221737176 65.606445312 -0.040563278 0.999176145 -0.001253234 -3.199072599 -0.221604422 -0.007773370 0.975105703 129.555511475
0.973909497 0.043263163 0.222774804 65.795295715 -0.045090850 0.998977959 0.003121782 -3.215653896 -0.222412094 -0.013085438 0.974864960 130.412460327
0.973711669 0.042565815 0.223771587 65.983810425 -0.042901106 0.999073684 -0.003365406 -3.231043816 -0.223707557 -0.006323113 0.974635839 131.243240356
0.974096239 0.038132057 0.222895712 66.192977905 -0.035033889 0.999226868 -0.017838849 -3.246181726 -0.223403633 0.009567854 0.974679112 132.076049805
