1.000000000 0.000000000 0.000000000 0.000000000 0.000000000 1.000000000 0.000000000 0.000000000 0.000000000 0.000000000 1.000000000 0.000000000
0.999998510 0.000633809 0.001608519 -0.004792151 -0.000626567 0.999989688 -0.004498794 -0.002141826 -0.001611354 0.004497780 0.999988616 0.976296604
0.999995768 -0.002016533 0.002083555 0.002737995 0.002027428 0.999984205 -0.005240300 0.000858782 -0.002072955 0.005244502 0.999984086 1.945120096
0.999992549 -0.003293177 0.001969317 0.003657231 0.003295708 0.999993742 -0.001283328 -0.002182034 -0.001965078 0.001289809 0.999997199 2.922178745
0.999982893 -0.005736581 0.001225919 0.008953385 0.005730619 0.999971986 0.004812761 -0.005117480 -0.001253494 -0.004805653 0.999987662 3.892092705
0.999953508 -0.009628758 -0.000411566 0.016881436 0.009630628 0.999942064 0.004811167 -0.000059070 0.000365217 -0.004814908 0.999988317 4.851720333
0.999924064 -0.012218343 -0.001568396 0.022401493 0.012221275 0.999923587 0.001872986 0.003329056 0.001545391 -0.001892012 0.999997020 5.803829193
0.999915957 -0.012697913 -0.002622817 0.021931281 0.012694068 0.999918401 -0.001477501 0.005377726 0.002641364 0.001444082 0.999995530 6.754209042
0.999915779 -0.012655552 -0.002872903 0.008494221 0.012649345 0.999917626 -0.002167814 0.007194951 0.002900101 0.002131292 0.999993503 7.709095001
0.999916255 -0.012287434 -0.004073268 0.003996912 0.012286394 0.999924421 -0.000280579 0.006742511 0.004076408 0.000230510 0.999991655 8.654830933
0.999921620 -0.011729213 -0.004383565 -0.012322040 0.011741612 0.999927104 0.002813502 0.002709653 0.004350245 -0.002864752 0.999986351 9.600594521
0.999907255 -0.012251943 -0.005956779 -0.013126187 0.012276182 0.999916434 0.004049540 0.009526368 0.005906667 -0.004122290 0.999974012 10.549961090
0.999892175 -0.013460352 -0.005861738 -0.027871218 0.013489931 0.999896348 0.005036153 0.011802692 0.005793341 -0.005114685 0.999970078 11.479979515
0.999886930 -0.013504041 -0.006618743 -0.036713846 0.013538123 0.999895215 0.005131436 0.010580912 0.006548755 -0.005220462 0.999964893 12.420260429
0.999874473 -0.014045618 -0.007336787 -0.043894894 0.014073634 0.999893844 0.003780559 0.013803702 0.007282908 -0.003883341 0.999965966 13.344880104
0.999867022 -0.014080239 -0.008232453 -0.061179455 0.014096907 0.999898672 0.001969981 0.016317155 0.008203881 -0.002085771 0.999964178 14.272607803
0.999823809 -0.015873551 -0.010018219 -0.068541594 0.015875859 0.999873936 0.000150783 0.027513891 0.010014562 -0.000309804 0.999949813 15.180341721
0.999817550 -0.014944057 -0.011897819 -0.082595132 0.014941910 0.999888241 -0.000269393 0.022634178 0.011900516 0.000091567 0.999929190 16.131591797
0.999822557 -0.013448687 -0.013191717 -0.106052019 0.013437568 0.999909222 -0.000931065 0.020037761 0.013203043 0.000753635 0.999912560 17.056427002
0.999817610 -0.011850191 -0.014975503 -0.121760815 0.011833629 0.999929190 -0.001194189 0.023652142 0.014988594 0.001016757 0.999887109 17.971525192
0.999792516 -0.012809466 -0.015841475 -0.149428889 0.012816065 0.999917805 0.000315119 0.017517265 0.015836136 -0.000518079 0.999874473 18.873748779
0.999777675 -0.011628697 -0.017587636 -0.162961006 0.011660299 0.999930501 0.001695315 0.018146627 0.017566700 -0.001900015 0.999843895 19.776365280
0.999736607 -0.012096273 -0.019505041 -0.179396495 0.012138222 0.999924242 0.002033960 0.021438759 0.019478964 -0.002270181 0.999807715 20.698507309
0.999691367 -0.013315518 -0.020974677 -0.199717462 0.013356433 0.999909043 0.001811809 0.025105271 0.020948647 -0.002091397 0.999778450 21.599298477
0.999650478 -0.013251424 -0.022877980 -0.216608256 0.013290833 0.999910355 0.001571327 0.023979763 0.022855110 -0.001874844 0.999737144 22.487648010
0.999627054 -0.013226545 -0.023893762 -0.243006855 0.013268083 0.999910653 0.001580797 0.031528518 0.023870721 -0.001897233 0.999713302 23.368097305
0.999600410 -0.013599197 -0.024778871 -0.273029685 0.013690982 0.999900043 0.003538212 0.028891318 0.024728280 -0.003876045 0.999686658 24.243034363
0.999561727 -0.014594174 -0.025758494 -0.294409186 0.014769616 0.999868989 0.006633974 0.030313909 0.025658300 -0.007011510 0.999646187 25.114702225
0.999542475 -0.014415590 -0.026588935 -0.314512134 0.014636170 0.999859929 0.008120062 0.034801304 0.026468156 -0.008505508 0.999613404 25.963872910
0.999557436 -0.013685860 -0.026411319 -0.356061995 0.013870582 0.999880493 0.006823441 0.035056189 0.026314780 -0.007186763 0.999627888 26.805580139
0.999548495 -0.012124574 -0.027491240 -0.379236996 0.012243264 0.999916375 0.004153098 0.041072890 0.027438588 -0.004487806 0.999613404 27.634361267
0.999539673 -0.011493309 -0.028076008 -0.406943589 0.011573545 0.999929368 0.002696919 0.041775603 0.028043030 -0.003020616 0.999602199 28.450675964
0.999522686 -0.010663449 -0.028995449 -0.435181290 0.010733399 0.999939859 0.002257863 0.046225667 0.028969631 -0.002568004 0.999576986 29.265625000
0.999479294 -0.010639546 -0.030462416 -0.457330793 0.010704988 0.999940813 0.001986045 0.045627333 0.030439477 -0.002311110 0.999533951 30.065176010
0.999437034 -0.010041090 -0.032013264 -0.492063314 0.010074960 0.999948800 0.000896947 0.048390277 0.032002617 -0.001218974 0.999487042 30.845035553
0.999368250 -0.009731679 -0.034181107 -0.516764939 0.009769793 0.999951839 0.000948226 0.046921968 0.034170229 -0.001281569 0.999415219 31.636415482
0.999275327 -0.010313829 -0.036642775 -0.542920351 0.010386629 0.999944448 0.001796943 0.051169887 0.036622200 -0.002176235 0.999326825 32.450103760
0.999186158 -0.010829162 -0.038858339 -0.569036245 0.010988290 0.999932110 0.003883822 0.055691816 0.038813636 -0.004307647 0.999237120 33.214813232
0.999106288 -0.009238782 -0.041244488 -0.597479403 0.009467481 0.999940813 0.005353064 0.060131788 0.041192591 -0.005738762 0.999134660 33.968086243
0.999064624 -0.008328839 -0.042430621 -0.645807743 0.008583223 0.999946177 0.005816640 0.055414081 0.042379901 -0.006175390 0.999082625 34.722076416
0.999001563 -0.005458920 -0.044339813 -0.683151245 0.005677827 0.999972343 0.004812628 0.061842695 0.044312313 -0.005059576 0.999004960 35.451053619
0.998915017 -0.004171893 -0.046383020 -0.715322733 0.004374061 0.999981463 0.004258020 0.061352454 0.046364404 -0.004456282 0.998914599 36.189929962
0.998819053 -0.004091960 -0.048412096 -0.745263577 0.004348157 0.999977112 0.005187865 0.067968957 0.048389759 -0.005392241 0.998813987 36.903224945
0.998786867 -0.002485507 -0.049180001 -0.789725900 0.002832987 0.999971509 0.006997054 0.074016839 0.049161199 -0.007127892 0.998765409 37.617938995
0.998793125 -0.000093791 -0.049116485 -0.832464576 0.000463512 0.999971688 0.007516095 0.078305930 0.049114387 -0.007529790 0.998764694 38.307384491
0.998824835 0.003381026 -0.048347693 -0.867254615 -0.003106270 0.999978602 0.005756924 0.075640708 0.048366122 -0.005599977 0.998813987 39.005840302
0.998891234 0.004883572 -0.046823200 -0.899235547 -0.004769492 0.999985337 0.002547810 0.081752807 0.046834953 -0.002321662 0.998899937 39.674682617
0.998986304 0.005619528 -0.044661913 -0.930786729 -0.005588177 0.999984026 0.000826784 0.084179126 0.044665843 -0.000576367 0.999001801 40.333847046
0.999129117 0.006548634 -0.041208100 -0.963627100 -0.006481418 0.999977350 0.001764509 0.080975719 0.041218724 -0.001495885 0.999148965 40.996250153
0.999206245 0.011172987 -0.038236000 -0.988245606 -0.011016604 0.999930024 0.004298167 0.085680060 0.038281344 -0.003873525 0.999259472 41.651557922
0.999290824 0.015388973 -0.034365509 -1.020228386 -0.015136489 0.999856472 0.007595116 0.089984819 0.034477469 -0.007069556 0.999380469 42.282897949
0.999342442 0.020629123 -0.029818073 -1.050009847 -0.020375589 0.999753714 0.008781592 0.087964028 0.029991889 -0.008168259 0.999516785 42.892215729
0.999401093 0.023945823 -0.024980767 -1.062153220 -0.023721999 0.999676108 0.009218121 0.091065854 0.025193412 -0.008620008 0.999645412 43.515392303
0.999428332 0.027590448 -0.019542119 -1.071727157 -0.027377740 0.999563873 0.011069897 0.099785596 0.019839019 -0.010528550 0.999747813 44.102222443
0.999376714 0.032928102 -0.012725854 -1.090332985 -0.032767944 0.999383569 0.012595404 0.099182218 0.013132753 -0.012170550 0.999839664 44.673511505
0.999340296 0.035902575 -0.005479127 -1.096664548 -0.035833310 0.999282658 0.012255646 0.101827443 0.005915206 -0.012051225 0.999909878 45.211063385
0.999229431 0.039219879 0.001517918 -1.100377560 -0.039235298 0.999157965 0.011993166 0.110261053 -0.001046270 -0.012043482 0.999926925 45.760311127
0.999004662 0.043747060 0.008701827 -1.094921112 -0.043844663 0.998973727 0.011360397 0.116950810 -0.008195914 -0.011730618 0.999897599 46.265552521
0.998712718 0.047953144 0.016532715 -1.094565988 -0.048096448 0.998807609 0.008381788 0.125670910 -0.016111067 -0.009166164 0.999828160 46.745807648
0.998435616 0.050148256 0.024728023 -1.083304405 -0.050300993 0.998718381 0.005593118 0.121167600 -0.024415847 -0.006828212 0.999678493 47.200492859
0.998217940 0.050159238 0.032324012 -1.066711903 -0.050356902 0.998717070 0.005329865 0.123356581 -0.032015204 -0.006948104 0.999463260 47.646949768
0.997974992 0.049411584 0.040054601 -1.042905927 -0.049718674 0.998740852 0.006706930 0.125373214 -0.039672762 -0.008684808 0.999175012 48.062717438
0.997542799 0.050997149 0.048037618 -1.018467665 -0.051420923 0.998647988 0.007626720 0.123955980 -0.047583725 -0.010078119 0.998816431 48.447143555
0.996908367 0.054289564 0.056801487 -1.001054287 -0.054796118 0.998470128 0.007397662 0.130485326 -0.056312982 -0.010487291 0.998358071 48.823139191
0.996105969 0.059090119 0.065434016 -0.979760885 -0.059658356 0.998195946 0.006762838 0.132464722 -0.064916357 -0.010640187 0.997833967 49.159088135
0.995225549 0.063012436 0.074535035 -0.957004547 -0.063693404 0.997946382 0.006792327 0.132538646 -0.073953971 -0.011507288 0.997195244 49.476097107
0.994541943 0.062193725 0.083774701 -0.927789211 -0.063053921 0.997980714 0.007659119 0.126966238 -0.083129197 -0.012899641 0.996455312 49.762207031
0.993668556 0.061100855 0.094283551 -0.889103413 -0.061937276 0.998062193 0.005967821 0.125133485 -0.093736202 -0.011769703 0.995527506 50.041496277
0.992575645 0.059532851 0.106063455 -0.849895000 -0.060030408 0.998195529 0.001501938 0.122288018 -0.105782650 -0.007857820 0.994358182 50.313140869
0.991021991 0.060431600 0.119262397 -0.808426857 -0.060559321 0.998161376 -0.002556348 0.121943563 -0.119197614 -0.004689053 0.992859423 50.590652466
0.988917649 0.062382150 0.134723455 -0.764905453 -0.062322944 0.998045146 -0.004660997 0.121166840 -0.134750858 -0.003787021 0.990872264 50.858325958
0.986434281 0.063898966 0.151209503 -0.725454330 -0.063695960 0.997950196 -0.006190680 0.126833260 -0.151295140 -0.003524737 0.988482296 51.143238068
0.983710825 0.064291753 0.167868003 -0.661838531 -0.063942991 0.997925460 -0.007487853 0.125938535 -0.168001160 -0.003368098 0.985781014 51.404922485
0.980482519 0.063602507 0.186034381 -0.603084564 -0.063104019 0.997969866 -0.008606002 0.121200800 -0.186204046 -0.003301480 0.982505560 51.655921936
0.976672351 0.063165702 0.205234900 -0.533617973 -0.062695608 0.997993827 -0.008799250 0.117370933 -0.205378979 -0.004273346 0.978673160 51.888534546
0.972215176 0.063169703 0.225405127 -0.454928398 -0.062506743 0.997993529 -0.010083919 0.116551399 -0.225589842 -0.004285601 0.974212945 52.146167755
0.967033386 0.065191120 0.246163785 -0.370686531 -0.064181149 0.997864425 -0.012132577 0.106816232 -0.246429011 -0.004066468 0.969152331 52.405250549
0.960873902 0.066378988 0.268915057 -0.285440445 -0.064919196 0.997787595 -0.014327893 0.103765249 -0.269271195 -0.003690449 0.963057339 52.652557373
0.953663230 0.067782797 0.293141782 -0.189414978 -0.066142157 0.997689426 -0.015517582 0.100534618 -0.293516278 -0.004590485 0.955943048 52.900703430
0.945130408 0.070798740 0.318929762 -0.094829559 -0.069160350 0.997469485 -0.016473973 0.095816612 -0.319289029 -0.006487239 0.947635174 53.145095825
0.935424864 0.072756276 0.345958024 0.018659592 -0.071147017 0.997314572 -0.017366881 0.086887300 -0.346292555 -0.008368472 0.938089252 53.392990112
0.924351513 0.073420450 0.374411225 0.145465851 -0.071565434 0.997257233 -0.018876208 0.081656992 -0.374770164 -0.009346647 0.927070618 53.643772125
0.911801219 0.071426183 0.404372334 0.280591965 -0.068853498 0.997407317 -0.020922069 0.070811629 -0.404818326 -0.008765684 0.914355159 53.877780914
0.897067308 0.068881668 0.436492354 0.433813095 -0.065072514 0.997599363 -0.023693116 0.061316252 -0.437076479 -0.007149336 0.899395943 54.106681824
0.879921198 0.067924783 0.470239282 0.594347000 -0.062082611 0.997679830 -0.027941879 0.053161025 -0.471046150 -0.004607031 0.882096469 54.332786560
0.860510707 0.069933720 0.504609466 0.766895294 -0.061666418 0.997548223 -0.033090219 0.044881582 -0.505686343 -0.002642976 0.862713277 54.566371918
0.838788509 0.071909450 0.539687753 0.955968857 -0.061293986 0.997410059 -0.037633825 0.036224484 -0.540996253 -0.001512803 0.841023564 54.804553986
0.814226687 0.074480526 0.575749636 1.157878876 -0.062086198 0.997220039 -0.041200630 0.026265502 -0.577217698 -0.002199449 0.816587389 55.046222687
0.786968231 0.078831054 0.611936867 1.370063782 -0.065385513 0.996874809 -0.044331960 0.016138673 -0.613519192 -0.005123970 0.789663196 55.280357361
0.757133126 0.083062850 0.647958219 1.591835022 -0.068883009 0.996504962 -0.047254495 0.002662659 -0.649618685 -0.008855367 0.760208547 55.507156372
0.724314749 0.084281601 0.684298694 1.858234406 -0.068521619 0.996386290 -0.050191253 -0.008467674 -0.686056137 -0.010534999 0.727472365 55.740432739
0.687791944 0.081709318 0.721294463 2.150789261 -0.064960651 0.996586204 -0.050951380 -0.032516241 -0.722995341 -0.011811823 0.690751851 55.976547241
0.648587883 0.080385774 0.756883025 2.465644836 -0.062239159 0.996678472 -0.052519638 -0.053511381 -0.758590937 -0.013044167 0.651436687 56.208068848
0.606137633 0.080225855 0.791303396 2.808292389 -0.060385324 0.996670187 -0.054791778 -0.066961646 -0.793064237 -0.014571747 0.608963728 56.439369202
0.560146868 0.079803221 0.824540377 3.164554596 -0.056606520 0.996709704 -0.058011334 -0.089899540 -0.826456964 -0.014179492 0.562821209 56.652732849
0.511805236 0.078480229 0.855509281 3.558330536 -0.053196162 0.996802807 -0.059617389 -0.112490773 -0.857452750 -0.014997310 0.514343858 56.860195160
0.462878138 0.076627642 0.883103609 3.969749451 -0.051557403 0.996897340 -0.059477832 -0.137036443 -0.884921193 -0.017999537 0.465392739 57.049407959
0.413496137 0.075034887 0.907408774 4.427385330 -0.051776994 0.996923625 -0.058842778 -0.159575224 -0.909032524 -0.022651637 0.416109145 57.224781036
0.363748401 0.074788839 0.928489983 4.888959885 -0.054178819 0.996782899 -0.059064452 -0.174961329 -0.929920316 -0.028819896 0.366630107 57.377861023
0.314067900 0.075398624 0.946401834 5.368305206 -0.052474234 0.996696293 -0.061991703 -0.196316838 -0.947949290 -0.030192109 0.316986769 57.521980286
0.266944021 0.072015025 0.961017549 5.844859123 -0.041502733 0.997137964 -0.063193440 -0.227377057 -0.962817967 -0.023015743 0.269168913 57.609596252
0.223207161 0.066045053 0.972531080 6.358883858 -0.028387697 0.997719347 -0.061240289 -0.260787904 -0.974357605 -0.013938648 0.224572971 57.680751801
0.181455076 0.065232113 0.981233299 6.878137589 -0.018990211 0.997843981 -0.062824614 -0.282513976 -0.983215868 -0.007233988 0.182302654 57.731140137
0.142593563 0.066978827 0.987512469 7.432235718 -0.015593519 0.997736037 -0.065420605 -0.307595193 -0.989658535 -0.006070241 0.143315181 57.802349091
0.110152997 0.067364596 0.991629124 7.957124710 -0.006964163 0.997728407 -0.067005329 -0.343477726 -0.993890166 0.000474972 0.110371895 57.826667786
0.081582516 0.065831505 0.994490087 8.528624535 0.000248914 0.997814834 -0.066072010 -0.379474580 -0.996666551 0.005637865 0.081387870 57.847309113
0.056501720 0.063970648 0.996351004 9.105884552 0.007308299 0.997891903 -0.064484023 -0.414063513 -0.998375714 0.010925091 0.055915095 57.860527039
0.036750108 0.063152425 0.997327030 9.701557159 0.011846434 0.997903585 -0.063625462 -0.443647385 -0.999254286 0.014153013 0.035924934 57.866588593
0.020674450 0.064783230 0.997685313 10.293431282 0.014355405 0.997776270 -0.065086663 -0.476040304 -0.999683201 0.015667802 0.019698489 57.863708496
0.007600387 0.064425170 0.997893572 10.903756142 0.015371530 0.997796953 -0.064536028 -0.511691034 -0.999852955 0.015829649 0.006593331 57.855644226
-0.004133319 0.065205656 0.997863352 11.526134491 0.015912250 0.997749627 -0.065132342 -0.548812211 -0.999864876 0.015609033 -0.005161589 57.846096039
-0.013341176 0.068413869 0.997567832 12.169282913 0.020573540 0.997464180 -0.068131633 -0.580559433 -0.999699354 0.019614549 -0.014714861 57.834331512
-0.019565631 0.070252858 0.997337282 12.818250656 0.025192855 0.997246206 -0.069752201 -0.614410639 -0.999491155 0.023761028 -0.021281622 57.810482025
-0.024247944 0.069636166 0.997277737 13.473319054 0.025580879 0.997287631 -0.069014885 -0.651108444 -0.999378681 0.023837771 -0.025963526 57.792533875
-0.027726982 0.066980630 0.997368932 14.159489632 0.023297284 0.997524858 -0.066343427 -0.690520227 -0.999343991 0.021396484 -0.029218819 57.772506714
-0.030275879 0.060178064 0.997728407 14.840076447 0.021219842 0.997999728 -0.059550509 -0.724411845 -0.999316275 0.019368697 -0.031492289 57.755016327
-0.031356376 0.054223649 0.998036385 15.535753250 0.022416584 0.998314381 -0.053534459 -0.764910936 -0.999256849 0.020693919 -0.032519031 57.732013702
-0.031871464 0.051688801 0.998154461 16.260316849 0.024965027 0.998391449 -0.050903924 -0.801944852 -0.999180079 0.023296574 -0.033110619 57.700145721
-0.031719018 0.054017086 0.998036027 16.973649979 0.028032839 0.998193741 -0.053134691 -0.834980428 -0.999103606 0.026292406 -0.033175983 57.676086426
-0.030668145 0.061152671 0.997657061 17.682954788 0.029254491 0.997753918 -0.060259312 -0.872625291 -0.999101341 0.027337909 -0.032388248 57.648651123
-0.028265681 0.069181196 0.997203588 18.416660309 0.029701371 0.997219741 -0.068340436 -0.908598661 -0.999159098 0.027686622 -0.030241869 57.623992920
-0.026798181 0.070194833 0.997173250 19.170642853 0.030637227 0.997120619 -0.069367774 -0.943451047 -0.999171257 0.028691698 -0.028871596 57.617404938
-0.024640337 0.066132888 0.997506618 19.927183151 0.029838029 0.997413635 -0.065389670 -0.980296373 -0.999250948 0.028152410 -0.026549885 57.599567413
-0.021784045 0.059246525 0.998005629 20.683357239 0.029381381 0.997849405 -0.058595911 -1.028722882 -0.999330878 0.028046330 -0.023477938 57.578258514
-0.019012380 0.057283927 0.998176813 21.452108383 0.027776666 0.998002231 -0.056744829 -1.077271700 -0.999433339 0.026647169 -0.020565551 57.570507050
-0.015887536 0.063054673 0.997883618 22.206607819 0.035481598 0.997416556 -0.062460259 -1.122029424 -0.999244034 0.034414165 -0.018083772 57.552722931
-0.012519299 0.068599150 0.997565866 22.953298569 0.037196182 0.996985555 -0.068092436 -1.162883043 -0.999229550 0.036253165 -0.015033183 57.538204193
-0.010299695 0.069272280 0.997544587 23.709766388 0.031374123 0.997128785 -0.068919457 -1.201937199 -0.999454618 0.030587247 -0.012443475 57.544261932
-0.006944602 0.065772407 0.997810543 24.487075806 0.026964266 0.997484088 -0.065563224 -1.247770309 -0.999612331 0.026449917 -0.008700635 57.552074432
-0.002017709 0.062047105 0.998071253 25.235515594 0.031458329 0.997583210 -0.061953180 -1.294398069 -0.999503016 0.031272642 -0.003964732 57.541839600
0.001198693 0.063108087 0.998005986 26.027744293 0.035341304 0.997380555 -0.063111007 -1.351743817 -0.999374509 0.035346482 -0.001034769 57.542575836
0.004219111 0.067590877 0.997704089 26.796613693 0.034903955 0.997095168 -0.067697227 -1.396901727 -0.999381781 0.035109438 0.001847666 57.545341492
0.007655864 0.068286121 0.997636378 27.575590134 0.031161213 0.997164905 -0.068492979 -1.444171190 -0.999485016 0.031611934 0.005506279 57.563854218
0.011219421 0.067919545 0.997627735 28.326730728 0.030797331 0.997193694 -0.068236351 -1.491482615 -0.999462664 0.031489838 0.009096194 57.573760986
0.014955862 0.064879872 0.997780979 29.093498230 0.034688331 0.997258306 -0.065365829 -1.540033221 -0.999286294 0.035588954 0.012664282 57.581012726
0.018347397 0.065602563 0.997677147 29.855739594 0.038933236 0.997041464 -0.066276744 -1.585223436 -0.999073446 0.040058807 0.015738994 57.591751099
0.021759339 0.066000767 0.997582316 30.606050491 0.041874494 0.996882677 -0.066867866 -1.642119169 -0.998885870 0.043228246 0.018927760 57.608016968
0.024417024 0.065525018 0.997552156 31.396743774 0.042511869 0.996878922 -0.066521384 -1.694999456 -0.998797476 0.044032052 0.021555224 57.634246826
0.028310485 0.064068027 0.997543871 32.165073395 0.043876629 0.996902347 -0.065272070 -1.740598202 -0.998635650 0.045616750 0.025411699 57.648597717
0.032279447 0.063287348 0.997473240 32.941303253 0.045862928 0.996848226 -0.064731874 -1.786129475 -0.998426020 0.047836538 0.029275168 57.666244507
0.034549389 0.063017882 0.997414112 33.708679199 0.044330735 0.996931136 -0.064522929 -1.839831352 -0.998419404 0.046445336 0.031649727 57.701145172
0.037745412 0.065415457 0.997143984 34.505191803 0.041651540 0.996884823 -0.066975109 -1.877314091 -0.998419106 0.044060584 0.034903172 57.739753723
0.040654093 0.065535441 0.997021794 35.279830933 0.043245070 0.996796250 -0.067283958 -1.921653986 -0.998237014 0.045851637 0.037689768 57.770172119
0.043205023 0.065037355 0.996947050 36.050502777 0.040996723 0.996922910 -0.066812463 -1.971948147 -0.998224735 0.043758202 0.040405758 57.807609558
0.045744371 0.065625951 0.996795177 36.832504272 0.039617836 0.996935487 -0.067453295 -2.016944885 -0.998167276 0.042576477 0.043004226 57.844600677
0.048684977 0.065523244 0.996662676 37.615554810 0.036861338 0.997048259 -0.067349188 -2.064750671 -0.998133838 0.040017214 0.046126008 57.884147644
0.051529344 0.067184307 0.996409059 38.408576965 0.035034869 0.996998787 -0.069035903 -2.125297546 -0.998056710 0.038466439 0.049020898 57.937206268
0.054863323 0.070719041 0.995986462 39.189678192 0.034039088 0.996776521 -0.072650164 -2.175290346 -0.997913539 0.037888285 0.052279256 57.981658936
0.058825485 0.073124163 0.995586574 39.978771210 0.034371451 0.996573865 -0.075227574 -2.222006321 -0.997676373 0.038645048 0.056110550 58.022609711
0.061449662 0.074922770 0.995294213 40.771911621 0.027467798 0.996674001 -0.076722503 -2.282541752 -0.997732222 0.032053109 0.059187315 58.085048676
0.063398778 0.073874794 0.995250225 41.586704254 0.023552684 0.996868014 -0.075495198 -2.342853069 -0.997710228 0.028227123 0.061460260 58.168518066
0.067464747 0.075059585 0.994894266 42.389469147 0.026497032 0.996679723 -0.076991059 -2.386878490 -0.997369766 0.031555939 0.065251902 58.209533691
0.071568213 0.076552399 0.994493723 43.189613342 0.026075615 0.996566057 -0.078588434 -2.440064907 -0.997094870 0.031556472 0.069326319 58.262947083
0.075093158 0.077548206 0.994156599 43.996273041 0.021918865 0.996602356 -0.079394594 -2.494661331 -0.996935666 0.027752774 0.073138252 58.337371826
0.079368427 0.075273409 0.993999302 44.809089661 0.020920450 0.996799529 -0.077155918 -2.554222345 -0.996625841 0.026918657 0.077539653 58.403308868
0.084015608 0.075058229 0.993633568 45.638240814 0.021406474 0.996793032 -0.077106878 -2.619429588 -0.996234417 0.027748371 0.082139440 58.478412628
0.089164898 0.078518637 0.992917120 46.448745728 0.018084405 0.996595919 -0.080433547 -2.679276943 -0.995852709 0.025128162 0.087441392 58.555156708
0.095013313 0.087630264 0.991611481 47.259593964 0.016098728 0.995852411 -0.089547582 -2.735217333 -0.995345771 0.024471894 0.093208492 58.644210815
0.102152020 0.092212506 0.990485668 48.078414917 0.014017256 0.995462060 -0.094121449 -2.804877758 -0.994670033 0.023498582 0.100395888 58.740913391
0.109703213 0.094545662 0.989457548 48.916130066 0.010263585 0.995305002 -0.096242353 -2.884711027 -0.993911326 0.020713476 0.108217783 58.834308624
0.116871111 0.092950411 0.988787770 49.750637054 0.006381198 0.995519757 -0.094337493 -2.956003904 -0.993126571 0.017334977 0.115754358 58.944274902
0.124464408 0.091030471 0.988039553 50.584747314 0.006314891 0.995689869 -0.092530817 -3.028652668 -0.992204010 0.017756155 0.123353109 59.053600311
0.131766707 0.087415949 0.987418830 51.418231964 0.006664299 0.996003389 -0.089065269 -3.098644495 -0.991258383 0.018316289 0.130657524 59.171455383
0.139248729 0.082049526 0.986852407 52.251266479 0.004391487 0.996500432 -0.083471350 -3.165990829 -0.990247667 0.015957031 0.138401106 59.293975830
0.146298841 0.074681841 0.986417413 53.071460724 0.000517036 0.997140348 -0.075570352 -3.238523483 -0.989240289 0.011565870 0.145841852 59.425064087
0.153598711 0.072210148 0.985491276 53.896617889 0.000108936 0.997325063 -0.073094234 -3.301968575 -0.988133311 0.011334535 0.153179958 59.563392639
0.160932109 0.074197866 0.984172523 54.707527161 -0.000199683 0.997172594 -0.075145319 -3.360960007 -0.986965477 0.011896772 0.160491884 59.696964264
0.165956378 0.080647655 0.982829869 55.510978699 0.000609511 0.996641695 -0.081883937 -3.419931412 -0.986132860 0.014188207 0.165349886 59.849246979
0.172057658 0.083751515 0.981520236 56.311302185 -0.000775874 0.996390522 -0.084884360 -3.488025904 -0.985086620 0.013843471 0.171501562 59.983234406
0.176849157 0.087311387 0.980357647 57.115112305 -0.001841211 0.996085107 -0.088379934 -3.548231125 -0.984236360 0.013824870 0.176317558 60.133354187
0.182234377 0.086531408 0.979440153 57.901912689 -0.004716189 0.996185482 -0.087133333 -3.621805429 -0.983243883 0.011259461 0.181947306 60.289371490
0.187406272 0.083463624 0.978730202 58.678024292 -0.000524500 0.996392012 -0.084869340 -3.685940504 -0.982282281 0.015391705 0.186773896 60.437908173
0.191718325 0.077091813 0.978417516 59.449417114 0.000192262 0.996907294 -0.078586332 -3.741126299 -0.981449962 0.015254554 0.191110581 60.595935822
0.194797918 0.070885979 0.978278577 60.208160400 -0.001575304 0.997406363 -0.071958311 -3.802298307 -0.980842113 0.012476245 0.194404364 60.759170532
0.198294699 0.067396194 0.977822483 60.969875336 -0.004996415 0.997689664 -0.067752287 -3.863539934 -0.980129719 0.008549313 0.198173299 60.911407471
0.201567590 0.067296915 0.977159858 61.705242157 -0.006694824 0.997708201 -0.067331061 -3.915708065 -0.979451716 0.007029849 0.201556176 61.066459656
0.203979015 0.069208413 0.976525843 62.436428070 -0.008223860 0.997583926 -0.068983026 -3.966181278 -0.978940725 0.006040277 0.204055369 61.222240448
0.204860285 0.073759891 0.976007998 63.150714874 -0.012889335 0.997273266 -0.072661556 -4.018429279 -0.978706300 0.002305371 0.205252454 61.393814087
0.206958562 0.078422308 0.975201607 63.859001160 -0.014125647 0.996917725 -0.077170871 -4.066426754 -0.978247762 0.002195819 0.207428440 61.545555115
0.209484637 0.082972199 0.974285305 64.565780640 -0.013940134 0.996545374 -0.081870608 -4.131278038 -0.977712631 0.003568964 0.209917605 61.692825317
0.210881397 0.085213386 0.973790407 65.258453369 -0.013128460 0.996350169 -0.084344462 -4.181108475 -0.977423608 0.005002308 0.211230442 61.856697083
0.212196812 0.085119411 0.973512888 65.939025879 -0.015832365 0.996367991 -0.083666772 -4.236314774 -0.977098763 0.002340812 0.212773770 62.011695862
0.212636337 0.082178347 0.973669648 66.610992432 -0.015462010 0.996615410 -0.080738291 -4.290982246 -0.977009118 0.002113005 0.213187307 62.161239624
0.213934585 0.079592459 0.973600090 67.290222168 -0.015556060 0.996826291 -0.078073002 -4.348461151 -0.976724088 0.001557134 0.214493781 62.307411194
0.213000521 0.078706771 0.973876834 67.963958740 -0.014670395 0.996895432 -0.077358477 -4.395438194 -0.976941943 0.002190238 0.213493913 62.476654053
0.212119132 0.077949829 0.974130034 68.616104126 -0.014968128 0.996955931 -0.076517008 -4.451552868 -0.977129161 0.001649816 0.212640181 62.612617493
0.210339457 0.078367569 0.974482358 69.243072510 -0.015999028 0.996924520 -0.076719008 -4.505302429 -0.977497458 0.000546264 0.210946366 62.747154236
0.208376572 0.081005782 0.974688292 69.869491577 -0.016666284 0.996713698 -0.079273239 -4.556779385 -0.977906704 0.000274255 0.209041819 62.880996704
0.206273735 0.084486030 0.974840164 70.480987549 -0.014631958 0.996420443 -0.083260231 -4.610025406 -0.978384852 0.002910579 0.206771553 63.005550385
0.204415455 0.085102104 0.975177884 71.095336914 -0.012392961 0.996358812 -0.084352732 -4.657831192 -0.978805661 0.005157664 0.204725832 63.137134552
0.201733530 0.084359713 0.975800693 71.702995300 -0.013323046 0.996427953 -0.083388641 -4.703430176 -0.979349852 0.003821645 0.202136874 63.274494171
0.199422151 0.081501357 0.976518512 72.297859192 -0.013901333 0.996670187 -0.080344349 -4.750695229 -0.979815125 0.002447535 0.199891120 63.395549774
0.197403759 0.077284575 0.977271080 72.884155273 -0.013417145 0.997007251 -0.076135144 -4.803442478 -0.980230451 0.001917176 0.197849914 63.516654968
0.195603490 0.076207772 0.977717578 73.460472107 -0.009368685 0.997075737 -0.075842306 -4.849866867 -0.980638325 0.005675094 0.195745468 63.625724792
0.193608686 0.077651501 0.978001118 74.025512695 -0.005937479 0.996937394 -0.077979602 -4.898073673 -0.981060863 0.009290671 0.193476796 63.738784790
0.191099703 0.079763047 0.978324533 74.587615967 -0.001707825 0.996718466 -0.080929101 -4.935813904 -0.981569171 0.013794724 0.190608799 63.843887329
0.189373046 0.081567451 0.978511453 75.139633179 -0.002497583 0.996580482 -0.082590297 -4.978040695 -0.981902003 0.013196464 0.188929185 63.952018738
0.188388020 0.084154338 0.978482544 75.704284668 -0.002621095 0.996361613 -0.085187383 -5.020756721 -0.982091129 0.013483588 0.187923178 64.059684753
0.187011093 0.082299128 0.978904307 76.267051697 -0.000719305 0.996495724 -0.083640680 -5.067821503 -0.982357502 0.014937606 0.186414972 64.167678833
0.187408730 0.081059612 0.978931725 76.822944641 0.005391204 0.996489346 -0.083545566 -5.105960846 -0.982267141 0.020934789 0.186313808 64.272285461
0.189888194 0.079077847 0.978615940 77.404060364 0.009917986 0.996545732 -0.082451127 -5.158875465 -0.981755614 0.025362400 0.188448012 64.372299194
0.192008168 0.078214034 0.978271663 77.973815918 0.012757504 0.996535897 -0.082178250 -5.203424931 -0.981310427 0.028259201 0.190345228 64.478622437
0.194658786 0.077984333 0.977765977 78.539413452 0.010304581 0.996616960 -0.081539311 -5.247838497 -0.980816841 0.025947820 0.193196654 64.610679626
0.200236231 0.078765377 0.976576447 79.113021851 0.009061025 0.996571720 -0.082235955 -5.291502953 -0.979705691 0.025315404 0.198836088 64.730293274
0.206492290 0.077459656 0.975377321 79.687934875 0.010469089 0.996629417 -0.081363767 -5.333110332 -0.978392124 0.027012302 0.204985380 64.860069275
0.214069709 0.077718094 0.973721683 80.280853271 0.008279517 0.996649683 -0.081368327 -5.377346039 -0.976783216 0.025480444 0.212709039 64.997787476
0.222196877 0.075360194 0.972085059 80.866386414 0.009010662 0.996807098 -0.079336390 -5.426811218 -0.974960208 0.026387429 0.220808387 65.138595581
0.231474102 0.075468712 0.969909370 81.457420349 0.005722938 0.996863604 -0.078931823 -5.469007015 -0.972824216 0.023821408 0.230316192 65.292304993
0.241114065 0.075153835 0.967582464 82.055068970 0.004790810 0.996892750 -0.078624241 -5.511650085 -0.970484972 0.023592912 0.240004793 65.448883057
0.250101924 0.078941874 0.964995980 82.655700684 -0.000843496 0.996688068 -0.081315823 -5.556491852 -0.968219161 0.019523276 0.249340162 65.629402161
0.259676307 0.080854714 0.962304831 83.272186279 -0.003939820 0.996569216 -0.082670495 -5.604404449 -0.965687633 0.017676264 0.259103924 65.804588318
0.270321220 0.083051205 0.959181368 83.893569946 -0.008012997 0.996432006 -0.084018290 -5.655200958 -0.962736845 0.015026008 0.270022213 65.992378235
0.280223966 0.085166499 0.956149101 84.533706665 -0.009379782 0.996251881 -0.085989542 -5.704037189 -0.959888756 0.015127864 0.279972523 66.206680298
0.290911347 0.085997589 0.952877223 85.155570984 -0.012410452 0.996207535 -0.086119287 -5.756815434 -0.956669509 0.013227436 0.290875286 66.390830994
0.301065832 0.086264074 0.949693561 85.802108765 -0.012794219 0.996175706 -0.086430281 -5.803133011 -0.953517497 0.013870616 0.301018149 66.609992981
0.310927153 0.087139286 0.946430683 86.453750610 -0.016876768 0.996137321 -0.086171404 -5.851815224 -0.950283885 0.010820330 0.311196774 66.838500977
0.321522683 0.082323462 0.943316519 87.118164062 -0.016605917 0.996550739 -0.081309192 -5.900815964 -0.946756244 0.010478112 0.321780622 67.072059631
0.332582384 0.075004995 0.940086782 87.802536011 -0.012497484 0.997095287 -0.075132087 -5.951669693 -0.942991316 0.013238891 0.332553744 67.312240601
0.343324453 0.070487298 0.936568081 88.488059998 -0.011026003 0.997413635 -0.071024723 -6.004483223 -0.939152122 0.014057920 0.343213677 67.566802979
0.353218853 0.067286611 0.933117867 89.185478210 -0.011967072 0.997653544 -0.067410290 -6.053034782 -0.935464203 0.012643894 0.353195339 67.847053528
0.362952739 0.065074541 0.929532468 89.899208069 -0.005749427 0.997695804 -0.067601532 -6.091621876 -0.931789815 0.019191878 0.362490565 68.120544434
0.371550322 0.059442706 0.926507950 90.617660522 0.001309264 0.997913659 -0.064548977 -6.130116940 -0.928411841 0.025196236 0.370697290 68.399871826
0.378520012 0.049884744 0.924247861 91.346595764 0.011113738 0.998229682 -0.058429345 -6.171367645 -0.925526440 0.032388527 0.377295464 68.685752869
0.385783464 0.045417845 0.921470702 92.086006165 0.016366510 0.998293400 -0.056056324 -6.217231750 -0.922444284 0.036706846 0.384381741 68.992835999
0.393130332 0.045517635 0.918355346 92.814605713 0.018276077 0.998189747 -0.057298202 -6.262590885 -0.919301093 0.039309587 0.391586751 69.300216675
0.400111705 0.051809479 0.915000677 93.552001953 0.020358240 0.997651994 -0.065391637 -6.305455208 -0.916240275 0.044791766 0.398117423 69.631042480
0.407810748 0.055872988 0.911355376 94.278709412 0.024398224 0.997102857 -0.072047584 -6.349638939 -0.912740469 0.051617246 0.405266017 69.936332703
0.413124353 0.057841662 0.908835888 94.998908997 0.022569822 0.997023940 -0.073713720 -6.401977062 -0.910394847 0.050965190 0.410589427 70.268959045
0.417346627 0.059269629 0.906812489 95.708503723 0.015679928 0.997252584 -0.072397284 -6.457338333 -0.908612132 0.044433512 0.415270686 70.611236572
0.421120137 0.063024402 0.904812574 96.418525696 0.008891544 0.997248113 -0.073601305 -6.513369083 -0.906961203 0.039040178 0.419400871 70.963584900
0.425739765 0.066299409 0.902413428 97.141738892 0.007952539 0.996999264 -0.077000394 -6.571933746 -0.904810667 0.039958611 0.423935086 71.295928955
0.429714501 0.070207164 0.900231302 97.829406738 0.004943395 0.996774793 -0.080096073 -6.629074097 -0.902951241 0.038868647 0.427981645 71.629302979
0.433038801 0.072952285 0.898418248 98.506912231 0.001971588 0.996640384 -0.081878304 -6.690424919 -0.901373148 0.037227798 0.431440145 71.968597412
0.437070042 0.071662307 0.896568060 99.196884155 0.001271319 0.996770620 -0.080291234 -6.739480019 -0.899426520 0.036232717 0.435567468 72.305358887
0.441486627 0.068811469 0.894625366 99.873611450 0.001410184 0.997000515 -0.077381723 -6.803676128 -0.897266686 0.035424590 0.440065444 72.634025574
0.444780797 0.066133745 0.893194497 100.527786255 0.001219379 0.997224450 -0.074443527 -6.857481003 -0.895638645 0.034200199 0.443465739 72.966239929
0.448465198 0.064572856 0.891464710 101.170349121 0.000600531 0.997364879 -0.072545797 -6.916749001 -0.893800020 0.033069622 0.447244704 73.290069580
0.451975524 0.066166148 0.889572978 101.800552368 -0.001230964 0.997290552 -0.073552705 -6.966377258 -0.892029405 0.032148995 0.450832427 73.616142273
0.454494566 0.066703252 0.888248503 102.425285339 -0.000319242 0.997204304 -0.074721970 -7.016915321 -0.890749454 0.033677164 0.453245223 73.942276001
0.456669867 0.065347232 0.887232959 103.044868469 0.000963585 0.997261643 -0.073947132 -7.073932648 -0.889635742 0.034624342 0.455356359 74.264579773
0.458360285 0.064157993 0.886447847 103.650756836 0.003379660 0.997258067 -0.073925592 -7.118442535 -0.888760090 0.036880445 0.456886679 74.576309204
0.459941715 0.064392157 0.885611236 104.246147156 0.001628197 0.997304320 -0.073358871 -7.170271873 -0.887947679 0.035182755 0.458596975 74.895187378
0.461836308 0.063401267 0.884696245 104.834686279 0.003432303 0.997306705 -0.073263198 -7.217150688 -0.886958480 0.036872156 0.460374832 75.205879211
0.464640021 0.065321006 0.883087039 105.413307190 0.002555704 0.997172296 -0.075104482 -7.267096519 -0.885496020 0.037153453 0.463159293 75.507286072
0.467806786 0.065155834 0.881425917 105.982345581 0.005126960 0.997062147 -0.076424852 -7.318861008 -0.883815885 0.040271100 0.466098368 75.799118042
0.470905155 0.064442202 0.879826903 106.543884277 0.006793339 0.997033894 -0.076662906 -7.370973587 -0.882157683 0.042077914 0.469070673 76.093643188
0.474216253 0.062698439 0.878172994 107.094131470 0.009749798 0.997025847 -0.076449029 -7.416682243 -0.880354464 0.044815384 0.472194552 76.384452820
0.477324396 0.061414406 0.876578450 107.624420166 0.011613653 0.997026801 -0.076177195 -7.460875034 -0.878650427 0.046541512 0.475191981 76.672920227
0.480562538 0.061147943 0.874826014 108.156379700 0.012677126 0.996977448 -0.076649837 -7.503367424 -0.876868904 0.047925320 0.478334844 76.967247009
0.484115154 0.060394060 0.872917593 108.683471680 0.012946272 0.997011662 -0.076159604 -7.552948952 -0.874908626 0.048171040 0.481886506 77.263168335
0.487461716 0.060202282 0.871066451 109.219238281 0.014012150 0.996952295 -0.076744080 -7.597407341 -0.873031914 0.049615305 0.485132545 77.568649292
0.491474926 0.061431225 0.868722379 109.730827332 0.013689187 0.996840894 -0.078235641 -7.639381409 -0.870784104 0.050342966 0.489081353 77.857650757
0.495702714 0.061746135 0.866294563 110.239753723 0.015836595 0.996660948 -0.080100015 -7.680115223 -0.868347883 0.053424947 0.493069679 78.150039673
0.500483096 0.064687774 0.863326192 110.741439819 0.013622880 0.996492743 -0.082563125 -7.732940197 -0.865639091 0.053082444 0.497846574 78.448318481
0.506179750 0.070458785 0.859544933 111.230422974 0.010515567 0.996078849 -0.087843291 -7.778682232 -0.862363875 0.053503104 0.503454030 78.734474182
0.511645615 0.077740036 0.855672419 111.736022949 0.004687375 0.995630920 -0.093258426 -7.828676224 -0.859183788 0.051726121 0.509045780 79.058578491
0.518038094 0.083975285 0.851225495 112.226074219 -0.000371800 0.995191097 -0.097951554 -7.876178741 -0.855357528 0.050426148 0.515578091 79.364440918
0.524743497 0.088461235 0.846651614 112.722892761 -0.003881474 0.994824171 -0.101537161 -7.924908161 -0.851251543 0.049994718 0.522370875 79.677246094
0.530205250 0.088919766 0.843193769 113.219963074 -0.007935300 0.994962454 -0.099934898 -7.972065926 -0.847832263 0.046295017 0.528239846 80.005157471
0.535370886 0.088109769 0.840008736 113.733459473 -0.014729770 0.995366633 -0.095017612 -8.028798103 -0.844488621 0.038496528 0.534187973 80.353195190
0.541192830 0.085765272 0.836513281 114.240684509 -0.020734090 0.995843887 -0.088686749 -8.075955391 -0.840642810 0.030652314 0.540721774 80.700302124
0.547294617 0.084047303 0.832709134 114.758369446 -0.026963245 0.996199071 -0.082827240 -8.128155708 -0.836505473 0.022878362 0.547480643 81.054191589
0.553340614 0.082223140 0.828886867 115.275665283 -0.029823156 0.996433616 -0.078934222 -8.178553581 -0.832420886 0.018957496 0.553819418 81.411056519
0.559272230 0.085731186 0.824539125 115.806945801 -0.035226714 0.996197402 -0.079685569 -8.232154846 -0.828235269 0.015520127 0.560165584 81.796051025
0.565506399 0.089786552 0.819841981 116.335258484 -0.038964707 0.995855093 -0.082186073 -8.274151802 -0.823822975 0.014531855 0.566660881 82.174507141
0.571576774 0.093099922 0.815249979 116.868545532 -0.042039845 0.995560229 -0.084216610 -8.322660446 -0.819470942 0.013863279 0.572952986 82.570526123
0.578165591 0.095140077 0.810353577 117.412040710 -0.044219922 0.995372474 -0.085312605 -8.370187759 -0.814720273 0.013491042 0.579697192 82.962989807
