0.999999940 -0.000000000 -0.000000000 0.000000030 -0.000000000 0.999999940 0.000000000 -0.000000030 -0.000000000 0.000000000 1.000000000 -0.000000000
0.999997079 -0.001778473 -0.001589482 0.001048483 0.001777367 0.999998093 -0.000697548 -0.012445434 0.001590720 0.000694721 0.999998510 0.571068525
0.999995053 -0.002032962 -0.002362867 -0.011058491 0.002027567 0.999995291 -0.002283085 -0.021799568 0.002367498 0.002278284 0.999994576 1.142598748
0.999985754 -0.002697726 -0.004598881 -0.008954018 0.002681469 0.999990106 -0.003537454 -0.034039583 0.004608379 0.003525072 0.999983191 1.718690515
0.999967337 -0.004808445 -0.006490899 -0.016703822 0.004775678 0.999975741 -0.005054216 -0.048733585 0.006515046 0.005023053 0.999966145 2.289602995
0.999943912 -0.007312730 -0.007658223 -0.029606715 0.007261022 0.999950767 -0.006758042 -0.072206900 0.007707264 0.006702056 0.999947906 2.824329615
0.999921024 -0.008548846 -0.009208341 -0.033487849 0.008481216 0.999936879 -0.007358680 -0.084977403 0.009270668 0.007280002 0.999930561 3.401357412
0.999905646 -0.008613571 -0.010694216 -0.038292594 0.008541295 0.999940515 -0.006785526 -0.094900019 0.010752028 0.006693544 0.999919832 3.989116907
0.999888778 -0.009056105 -0.011847370 -0.050116289 0.008972922 0.999934793 -0.007055796 -0.113780364 0.011910499 0.006948705 0.999904931 4.588457108
0.999878347 -0.008422924 -0.013129094 -0.056593545 0.008294395 0.999917388 -0.009813649 -0.128858536 0.013210671 0.009703556 0.999865651 5.184794426
0.999876380 -0.006622600 -0.014256272 -0.073380843 0.006433007 0.999890685 -0.013303997 -0.148466945 0.014342825 0.013210643 0.999809802 5.793885231
0.999868274 -0.005194868 -0.015374116 -0.091832340 0.004930072 0.999839664 -0.017211553 -0.160464957 0.015461060 0.017133495 0.999733686 6.407303333
0.999853611 -0.003394787 -0.016767200 -0.104425944 0.003102420 0.999843180 -0.017432244 -0.168468535 0.016823752 0.017377678 0.999707460 7.045970917
0.999839723 -0.001239807 -0.017857710 -0.122786954 0.001051872 0.999943972 -0.010529622 -0.178987920 0.017869763 0.010509154 0.999785066 7.699525356
0.999827504 -0.000171770 -0.018571138 -0.140667468 0.000174776 0.999999940 0.000160265 -0.195834741 0.018571109 -0.000163483 0.999827504 8.368544579
0.999810934 0.001002811 -0.019418702 -0.155903623 -0.000872286 0.999976933 0.006728884 -0.208213255 0.019425005 -0.006710673 0.999788821 9.048504829
0.999784529 0.003272208 -0.020499405 -0.181226030 -0.003160002 0.999979913 0.005503647 -0.217263266 0.020517007 -0.005437683 0.999774694 9.744066238
0.999754250 0.005629698 -0.021438286 -0.199485570 -0.005661391 0.999982893 -0.001417974 -0.228809252 0.021429939 0.001538997 0.999769151 10.442618370
0.999737978 0.005327412 -0.022261316 -0.231591672 -0.005497743 0.999955952 -0.007597271 -0.231196940 0.022219855 0.007717668 0.999723494 11.167125702
0.999726534 0.003234073 -0.023157859 -0.252748668 -0.003372901 0.999976456 -0.005958308 -0.233044028 0.023138041 0.006034788 0.999714196 11.913506508
0.999712110 0.001754317 -0.023928262 -0.265102029 -0.001671397 0.999992430 0.003484932 -0.242209971 0.023934195 -0.003443939 0.999707699 12.681145668
0.999705493 0.001898690 -0.024191208 -0.286926925 -0.001638305 0.999940574 0.010778899 -0.248738393 0.024210231 -0.010736092 0.999649227 13.455293655
0.999696672 0.001011176 -0.024607256 -0.310435832 -0.000687413 0.999913156 0.013162128 -0.249735311 0.024618423 -0.013141219 0.999610603 14.250535965
0.999689758 -0.000743737 -0.024895003 -0.325730085 0.001044955 0.999926448 0.012088719 -0.248258248 0.024884176 -0.012110982 0.999617040 15.055333138
0.999705374 -0.001132226 -0.024248904 -0.354783654 0.001366886 0.999952435 0.009662749 -0.245566174 0.024236808 -0.009693047 0.999659300 15.886678696
0.999717653 0.001390384 -0.023722099 -0.381217599 -0.001243763 0.999979913 0.006194417 -0.246844798 0.023730239 -0.006163163 0.999699414 16.740219116
0.999732614 -0.001763428 -0.023057861 -0.394566000 0.001781849 0.999997973 0.000778404 -0.253584146 0.023056444 -0.000819280 0.999733865 17.601373672
0.999737680 -0.005054157 -0.022342211 -0.407211572 0.004936479 0.999973595 -0.005319034 -0.264191180 0.022368509 0.005207346 0.999736309 18.471343994
0.999774754 -0.003324737 -0.020964144 -0.439549923 0.003100184 0.999937475 -0.010734685 -0.276660025 0.020998525 0.010667274 0.999722600 19.398611069
0.999779344 -0.002130828 -0.020904010 -0.461288989 0.001884746 0.999928713 -0.011784633 -0.290116340 0.020927632 0.011742631 0.999712169 20.297531128
0.999768436 -0.001972770 -0.021431187 -0.478833228 0.001734187 0.999936402 -0.011145402 -0.310659796 0.021451812 0.011105656 0.999708235 21.233823776
0.999770641 -0.000470809 -0.021413613 -0.503891647 0.000202550 0.999921441 -0.012527960 -0.333180368 0.021417830 0.012520750 0.999692261 22.175218582
0.999778330 0.002683043 -0.020884166 -0.540423334 -0.002990205 0.999887526 -0.014690603 -0.353300899 0.020842401 0.014749795 0.999673963 23.128944397
0.999753952 0.005905506 -0.021378402 -0.552583814 -0.006241269 0.999857605 -0.015673282 -0.377072334 0.021282801 0.015802853 0.999648571 24.104175568
0.999746680 0.007198719 -0.021320578 -0.581507325 -0.007531343 0.999850452 -0.015562190 -0.401987016 0.021205366 0.015718818 0.999651551 25.084394455
0.999736190 0.008196704 -0.021454956 -0.610943675 -0.008533631 0.999840915 -0.015659792 -0.430149823 0.021323191 0.015838746 0.999647200 26.070539474
0.999725044 0.008701304 -0.021775603 -0.627304316 -0.009034256 0.999843001 -0.015238786 -0.462364018 0.021639589 0.015431321 0.999646783 27.046657562
0.999705911 0.009494649 -0.022316393 -0.654434383 -0.009816310 0.999848843 -0.014348622 -0.494167566 0.022176784 0.014563466 0.999647975 28.078798294
0.999694884 0.010171506 -0.022512110 -0.683906972 -0.010452914 0.999868274 -0.012418116 -0.517417789 0.022382833 0.012649643 0.999669433 29.101310730
0.999684274 0.010630881 -0.022769237 -0.706942618 -0.010883604 0.999880135 -0.011004254 -0.548106313 0.022649525 0.011248589 0.999680161 30.122657776
0.999672592 0.011001175 -0.023102697 -0.736622751 -0.011284510 0.999862254 -0.012169768 -0.573068619 0.022965632 0.012426486 0.999659002 31.136266708
0.999661803 0.011991425 -0.023075908 -0.769244730 -0.012293803 0.999839723 -0.013006642 -0.601937294 0.022916246 0.013285932 0.999649107 32.165592194
0.999649942 0.011620475 -0.023768893 -0.793519080 -0.011914048 0.999854028 -0.012247170 -0.623838842 0.023623105 0.012526068 0.999642491 33.216648102
0.999632835 0.011629730 -0.024472781 -0.819188356 -0.011879486 0.999878526 -0.010084959 -0.644183636 0.024352524 0.010371981 0.999649644 34.266754150
0.999626815 0.011899828 -0.024591621 -0.858894885 -0.012048180 0.999910057 -0.005893321 -0.675452828 0.024519285 0.006187404 0.999680221 35.328361511
0.999626696 0.011180121 -0.024930071 -0.890928268 -0.011268579 0.999930620 -0.003410646 -0.702744424 0.024890214 0.003690300 0.999683321 36.397884369
0.999614835 0.011268199 -0.025363978 -0.921326518 -0.011350019 0.999930739 -0.003084205 -0.718380153 0.025327474 0.003370899 0.999673486 37.476772308
0.999606192 0.010590165 -0.025985947 -0.952453732 -0.010710580 0.999932468 -0.004499160 -0.739034235 0.025936548 0.004775712 0.999652147 38.545455933
0.999579072 0.011322145 -0.026711356 -0.986359835 -0.011460003 0.999921739 -0.005013656 -0.758406281 0.026652502 0.005317658 0.999630630 39.637592316
0.999576330 0.010989840 -0.026948331 -1.024288654 -0.011090438 0.999932051 -0.003586381 -0.783726633 0.026907083 0.003883731 0.999630392 40.726222992
0.999557376 0.011242402 -0.027542721 -1.062956929 -0.011289729 0.999935031 -0.001563429 -0.803613365 0.027523357 0.001873687 0.999619424 41.809989929
0.999531388 0.011572837 -0.028336581 -1.099426389 -0.011559788 0.999932945 0.000624284 -0.820324361 0.028341906 -0.000296427 0.999598205 42.893211365
0.999510050 0.012175735 -0.028832924 -1.135459423 -0.012147239 0.999925494 0.001163282 -0.850399315 0.028844941 -0.000812472 0.999583542 43.976459503
0.999480724 0.013598884 -0.029209489 -1.171772242 -0.013689902 0.999901950 -0.002918322 -0.869575620 0.029166942 0.003316682 0.999569058 45.063667297
0.999453664 0.014580881 -0.029658793 -1.203837872 -0.014804051 0.999863505 -0.007318943 -0.886470914 0.029548030 0.007754017 0.999533296 46.152446747
0.999453604 0.015164607 -0.029367777 -1.246714592 -0.015387032 0.999854386 -0.007362655 -0.912070930 0.029251851 0.007810516 0.999541640 47.233116150
0.999446511 0.015783874 -0.029279534 -1.285070181 -0.015925677 0.999862432 -0.004616194 -0.936857641 0.029202648 0.005079936 0.999560535 48.306381226
0.999455333 0.016060257 -0.028828848 -1.327214599 -0.016135426 0.999866962 -0.002376663 -0.962538064 0.028786840 0.002840535 0.999581575 49.422477722
0.999476075 0.014777007 -0.028797757 -1.361014247 -0.014818770 0.999889374 -0.001237341 -0.981925488 0.028776288 0.001663440 0.999584496 50.516563416
0.999484360 0.014230947 -0.028782532 -1.387578487 -0.014284455 0.999896586 -0.001654290 -1.007729650 0.028756015 0.002064580 0.999584377 51.598567963
0.999499261 0.013761285 -0.028493481 -1.418939471 -0.013871090 0.999897063 -0.003659567 -1.028125525 0.028440185 0.004052970 0.999587297 52.686077118
0.999512315 0.013699398 -0.028058460 -1.461549878 -0.013867891 0.999886751 -0.005819268 -1.056113243 0.027975561 0.006205542 0.999589324 53.778789520
0.999521792 0.012666441 -0.028208790 -1.493648052 -0.012903348 0.999882758 -0.008232194 -1.080768228 0.028101213 0.008592246 0.999568164 54.871685028
0.999539733 0.011727820 -0.027975945 -1.526770234 -0.012064950 0.999856114 -0.011912526 -1.109155893 0.027832216 0.012244572 0.999537587 55.942348480
0.999567032 0.009876678 -0.027716905 -1.558037877 -0.010245427 0.999860466 -0.013193786 -1.144305825 0.027582727 0.013472047 0.999528706 57.044315338
0.999586642 0.008100271 -0.027588259 -1.586038232 -0.008400379 0.999906600 -0.010779599 -1.174818277 0.027498366 0.011006895 0.999561191 58.133995056
0.999606788 0.007005426 -0.027156524 -1.620928407 -0.007153455 0.999960005 -0.005357676 -1.198667884 0.027117912 0.005549832 0.999616861 59.231979370
0.999620974 0.005498526 -0.026974974 -1.650539517 -0.005472332 0.999984503 0.001044746 -1.223028064 0.026980301 -0.000896734 0.999635577 60.334812164
0.999635756 0.003600616 -0.026750451 -1.678081989 -0.003559118 0.999992311 0.001598764 -1.243795276 0.026756009 -0.001502973 0.999640882 61.426425934
0.999652088 0.000502904 -0.026372693 -1.713665605 -0.000542945 0.999998748 -0.001511127 -1.262250662 0.026371902 0.001524921 0.999651074 62.522968292
0.999638021 -0.000963945 -0.026889117 -1.740301847 0.000839394 0.999988973 -0.004642928 -1.280353189 0.026893303 0.004618677 0.999627650 63.623653412
0.999654233 0.001124770 -0.026270118 -1.782577753 -0.001356530 0.999960303 -0.008806037 -1.308281422 0.026259167 0.008838627 0.999616265 64.708557129
0.999647796 0.001422815 -0.026498888 -1.809242368 -0.001769050 0.999913335 -0.013047138 -1.334243655 0.026478028 0.013089424 0.999563694 65.808456421
0.999646008 0.004545063 -0.026211986 -1.839707732 -0.004907232 0.999893188 -0.013769176 -1.363781214 0.026146606 0.013892932 0.999561608 66.898315430
0.999656439 0.008240967 -0.024879208 -1.888959885 -0.008496393 0.999912024 -0.010178437 -1.393343210 0.024793142 0.010386326 0.999638796 68.015022278
0.999650002 0.009678876 -0.024616880 -1.925983667 -0.009883028 0.999917626 -0.008184964 -1.420836926 0.024535634 0.008425390 0.999663472 69.116378784
0.999652982 0.009003634 -0.024753051 -1.955104828 -0.009186398 0.999931216 -0.007279755 -1.449629068 0.024685809 0.007504621 0.999667168 70.222991943
0.999659002 0.007620672 -0.024973458 -1.981128454 -0.007790665 0.999947011 -0.006716674 -1.473131180 0.024920950 0.006908944 0.999665499 71.319557190
0.999659598 0.006638541 -0.025231900 -2.011765718 -0.006779281 0.999961853 -0.005496389 -1.495831847 0.025194455 0.005665573 0.999666452 72.422882080
0.999665558 0.005213474 -0.025327004 -2.042399645 -0.005295684 0.999980867 -0.003179948 -1.524108648 0.025309943 0.003313009 0.999674082 73.516052246
0.999652147 0.003831069 -0.026092451 -2.078689337 -0.003873918 0.999991119 -0.001591899 -1.551542640 0.026086122 0.001692426 0.999658227 74.636390686
0.999633729 0.003436511 -0.026842328 -2.102508545 -0.003512215 0.999989867 -0.002773658 -1.574612141 0.026832527 0.002866918 0.999635816 75.726943970
0.999618590 0.003558965 -0.027384661 -2.140179634 -0.003747373 0.999969602 -0.006831830 -1.597052097 0.027359515 0.006931846 0.999601662 76.813682556
0.999601781 0.004207452 -0.027901830 -2.177526236 -0.004451755 0.999952197 -0.008699467 -1.627011061 0.027863897 0.008820218 0.999572814 77.908164978
0.999563932 0.006261291 -0.028854886 -2.207536697 -0.006467188 0.999954224 -0.007047793 -1.652303219 0.028809438 0.007231331 0.999558806 78.995468140
0.999552131 0.007503835 -0.028966978 -2.254622936 -0.007585538 0.999967515 -0.002711657 -1.678842664 0.028945690 0.002930173 0.999576688 80.096527100
0.999516666 0.009214635 -0.029690931 -2.291068316 -0.009184842 0.999957204 0.001139654 -1.699971437 0.029700156 -0.000866397 0.999558449 81.176353455
0.999498725 0.010158282 -0.029984269 -2.337705135 -0.010091112 0.999946296 0.002390647 -1.723820090 0.030006940 -0.002086875 0.999547482 82.251502991
0.999486506 0.009862015 -0.030487776 -2.375100374 -0.009869293 0.999951184 -0.000088211 -1.741216302 0.030485420 0.000389058 0.999535143 83.334915161
0.999468684 0.009894591 -0.031057179 -2.414064169 -0.009927417 0.999950230 -0.000902879 -1.761120439 0.031046702 0.001210717 0.999517202 84.392555237
0.999464333 0.009899551 -0.031194296 -2.464983463 -0.009934117 0.999950111 -0.000953286 -1.782383561 0.031183308 0.001262664 0.999512911 85.443580627
0.999437869 0.008102655 -0.032534432 -2.484101295 -0.008131943 0.999966621 -0.000767939 -1.807281017 0.032527130 0.001032076 0.999470353 86.508026123
0.999422371 0.007033203 -0.033246610 -2.520601511 -0.007021838 0.999975204 0.000458562 -1.825250149 0.033249013 -0.000224845 0.999447107 87.540596008
0.999408901 0.007218284 -0.033611640 -2.561784744 -0.007112647 0.999969423 0.003261379 -1.849085212 0.033634160 -0.003020383 0.999429643 88.555831909
0.999383390 0.005794629 -0.034630101 -2.593869209 -0.005651022 0.999974966 0.004243319 -1.870669127 0.034653828 -0.004045007 0.999391198 89.532157898
0.999304414 0.004873644 -0.036971141 -2.629131794 -0.004702289 0.999977767 0.004720360 -1.892881513 0.036993328 -0.004543227 0.999305189 90.513504028
0.999195457 0.004173975 -0.039886180 -2.680622578 -0.004033805 0.999985456 0.003594052 -1.906494856 0.039900593 -0.003430267 0.999197721 91.460968018
0.999049723 0.004166670 -0.043384854 -2.719886780 -0.004049536 0.999987900 0.002787402 -1.929255724 0.043395944 -0.002609065 0.999054492 92.368347168
0.998897493 0.003914170 -0.046781220 -2.762434006 -0.003776145 0.999988258 0.003038443 -1.946604848 0.046792563 -0.002858440 0.998900533 93.274528503
0.998754144 0.005141380 -0.049635034 -2.815173626 -0.004939639 0.999979019 0.004186310 -1.964307547 0.049655516 -0.003935915 0.998758674 94.136047363
0.998597622 0.006219123 -0.052573878 -2.869481564 -0.005955910 0.999968946 0.005161733 -1.981826186 0.052604344 -0.004841369 0.998603702 94.982246399
0.998426735 0.007266738 -0.055599060 -2.917310476 -0.006908608 0.999954104 0.006630817 -1.993588209 0.055644687 -0.006236274 0.998431087 95.804206848
0.998259127 0.008563543 -0.058355000 -2.969185829 -0.008144100 0.999939263 0.007421802 -2.004778385 0.058415014 -0.006933634 0.998268247 96.597084045
0.998086512 0.010642642 -0.060910583 -3.019659519 -0.010171732 0.999915957 0.008036033 -2.021903753 0.060990985 -0.007401091 0.998110831 97.352119446
0.997889102 0.012707425 -0.063684650 -3.076351881 -0.012285064 0.999899805 0.007019275 -2.039362431 0.063767448 -0.006222090 0.997945368 98.093360901
0.997704685 0.014164037 -0.066217944 -3.134424210 -0.013971518 0.999896705 0.003369539 -2.055511236 0.066258833 -0.002436640 0.997799456 98.790840149
0.997484624 0.016440202 -0.068948701 -3.182735443 -0.016491270 0.999863923 -0.000171474 -2.073502302 0.068936512 0.001308094 0.997620165 99.464691162
0.997306645 0.018305192 -0.071024522 -3.233656645 -0.018565135 0.999823093 -0.003001480 -2.081318855 0.070957005 0.004311976 0.997470081 100.093887329
0.997223616 0.020171622 -0.071681067 -3.289160728 -0.020523906 0.999780595 -0.004181422 -2.092823029 0.071580991 0.005640988 0.997418880 100.730560303
0.997232258 0.022121567 -0.070982262 -3.338301897 -0.022436909 0.999741554 -0.003648171 -2.112279892 0.070883237 0.005230696 0.997470856 101.317901611
0.997337401 0.026181322 -0.068063512 -3.383741856 -0.026399773 0.999648750 -0.002311827 -2.124156237 0.067979097 0.004102533 0.997678280 101.888336182
0.997623205 0.028920537 -0.062543817 -3.421297789 -0.029020295 0.999578536 -0.000686956 -2.141682863 0.062497605 0.002500363 0.998042047 102.425529480
0.998027921 0.029621197 -0.055343546 -3.441592455 -0.029602332 0.999561071 0.001160811 -2.152588367 0.055353649 0.000479776 0.998466730 102.964035034
0.998522162 0.029561337 -0.045603473 -3.460975409 -0.029417641 0.999559939 0.003818989 -2.166728973 0.045696300 -0.002471798 0.998952329 103.457077026
0.998996377 0.029052075 -0.034090053 -3.470983505 -0.028907103 0.999570847 0.004738023 -2.178177834 0.034213077 -0.003747823 0.999407470 103.948707581
0.999389410 0.028234411 -0.020580672 -3.473574638 -0.028142273 0.999592602 0.004753092 -2.190081358 0.020706505 -0.004171002 0.999776900 104.406196594
0.999596894 0.027963113 -0.004913458 -3.473962307 -0.027942618 0.999600708 0.004191501 -2.202787638 0.005028703 -0.004052517 0.999979138 104.819679260
0.999559700 0.026647042 0.013048129 -3.454493523 -0.026666757 0.999643505 0.001339159 -2.216077089 -0.013007793 -0.001686520 0.999913931 105.251922607
0.999077916 0.025983367 0.034178477 -3.424623251 -0.025890658 0.999659836 -0.003152296 -2.229712963 -0.034248766 0.002264486 0.999410748 105.670890808
0.998013496 0.023714431 0.058367543 -3.378820419 -0.023274954 0.999695480 -0.008197900 -2.238377333 -0.058544181 0.006823114 0.998261511 106.084190369
0.996108770 0.021672618 0.085425541 -3.317319870 -0.020797424 0.999721885 -0.011121858 -2.248058558 -0.085642807 0.009301948 0.996282399 106.487075806
0.993134916 0.019165095 0.115393683 -3.244710922 -0.017894357 0.999767423 -0.012038146 -2.265511751 -0.115597546 0.009890610 0.993246913 106.886291504
0.988862455 0.016945526 0.147864431 -3.160244942 -0.014985839 0.999784589 -0.014357383 -2.275050640 -0.148075864 0.011981606 0.988903344 107.278167725
0.982867539 0.014427066 0.183748156 -3.069612503 -0.011717845 0.999806166 -0.015821565 -2.288028240 -0.183940798 0.013397370 0.982845962 107.638656616
0.974994600 0.011112021 0.221950516 -2.954250336 -0.007673269 0.999836922 -0.016349658 -2.304720640 -0.222095996 0.014237745 0.974920869 108.002380371
0.965025485 0.008087341 0.262031108 -2.836479187 -0.003815271 0.999851465 -0.016808327 -2.329713106 -0.262128115 0.015220745 0.964913070 108.338447571
0.952739835 0.009516860 0.303638756 -2.704175949 -0.004156603 0.999823987 -0.018294847 -2.337145805 -0.303759456 0.016168121 0.952611625 108.651969910
0.937498808 0.011685754 0.347792357 -2.550895691 -0.005451331 0.999806523 -0.018898856 -2.350584984 -0.347945958 0.015821720 0.937381148 108.984146118
0.919526637 0.011857754 0.392848879 -2.387481689 -0.005344439 0.999829650 -0.017669337 -2.363240480 -0.392991483 0.014147867 0.919433296 109.307685852
0.899330974 0.010954166 0.437131315 -2.209323883 -0.004196285 0.999856353 -0.016422393 -2.376045704 -0.437248468 0.012934839 0.899247766 109.600158691
0.875891030 0.009796492 0.482409596 -2.017009735 -0.001610819 0.999847651 -0.017379627 -2.387033224 -0.482506394 0.014445586 0.875773430 109.896270752
0.850980461 0.009946142 0.525103152 -1.794364929 -0.000064485 0.999822557 -0.018833447 -2.410469055 -0.525197327 0.015993034 0.850830197 110.180801392
0.823448598 0.012726979 0.567247987 -1.566993713 0.000133781 0.999743998 -0.022624813 -2.423702955 -0.567390740 0.018706264 0.823236227 110.452003479
0.792751491 0.017148485 0.609303772 -1.322616577 -0.000995884 0.999639273 -0.026838515 -2.442070484 -0.609544277 0.020669479 0.792482674 110.733398438
0.758885443 0.022880947 0.650822103 -1.065906525 -0.003597706 0.999514520 -0.030944854 -2.450912952 -0.651214242 0.021142131 0.758599401 110.993392944
0.722946167 0.028593889 0.690312386 -0.783271790 -0.006251061 0.999373138 -0.034849122 -2.453949213 -0.690876126 0.020878851 0.722671628 111.210197449
0.683309436 0.028920034 0.729555905 -0.490451813 -0.003943775 0.999346852 -0.035920933 -2.467438698 -0.730118275 0.021667901 0.682977140 111.444396973
0.642347038 0.026527150 0.765954673 -0.175296783 0.000237507 0.999393880 -0.034810979 -2.479773283 -0.766413987 0.022542648 0.641951323 111.649917603
0.598727584 0.024522465 0.800577223 0.156074524 0.001781958 0.999487936 -0.031947970 -2.493039608 -0.800950706 0.020554721 0.598377347 111.847747803
0.552388668 0.023137860 0.833265305 0.495491028 0.003040079 0.999552071 -0.029770590 -2.502669811 -0.833581090 0.018978128 0.552070975 112.029548645
0.505101442 0.020541415 0.862815499 0.853324890 0.005004053 0.999630213 -0.026728049 -2.514107943 -0.863045573 0.017817948 0.504811823 112.186561584
0.452627420 0.017217310 0.891533434 1.201000214 0.006215521 0.999728322 -0.022462364 -2.537349224 -0.891678035 0.015708428 0.452397525 112.345893860
0.400706559 0.017515887 0.916039109 1.577865601 0.004334164 0.999769866 -0.021012843 -2.548135757 -0.916196227 0.012390252 0.400538445 112.478546143
0.349631786 0.022949748 0.936606050 1.987304688 0.000560821 0.999694586 -0.024704965 -2.558370113 -0.936886966 0.009162908 0.349512190 112.605957031
0.299662292 0.027743250 0.953642011 2.346607208 0.000081222 0.999576271 -0.029105097 -2.574546814 -0.954045296 0.008799153 0.299533099 112.677352905
0.253254294 0.029852668 0.966939032 2.755741119 0.002083269 0.999504566 -0.031403713 -2.585049391 -0.967397511 0.009967521 0.253066719 112.749427795
0.212089390 0.029485893 0.976805389 3.157854080 0.009141129 0.999441087 -0.032153949 -2.602956772 -0.977207482 0.015748616 0.211701408 112.799942017
0.177042723 0.028489098 0.983790755 3.604520798 0.017108677 0.999340773 -0.032018278 -2.633442879 -0.984054446 0.022499962 0.176438630 112.841880798
0.146409974 0.030262372 0.988761127 4.020034790 0.020601459 0.999221861 -0.033633087 -2.646535873 -0.989009440 0.025294144 0.145672619 112.884269714
0.118454136 0.028843788 0.992540479 4.496736526 0.018795062 0.999333858 -0.031284284 -2.661283731 -0.992781520 0.022360617 0.117833100 112.923889160
0.092671670 0.025078118 0.995380878 4.988484383 0.012587396 0.999573350 -0.026355654 -2.679496765 -0.995617092 0.014971679 0.092316478 112.969444275
0.068778105 0.020812128 0.997414887 5.493408680 0.008316655 0.999735534 -0.021434037 -2.699243307 -0.997597218 0.009769351 0.068586864 112.996192932
0.046599604 0.018121522 0.998749375 6.019494534 0.012537789 0.999745965 -0.018724598 -2.720823765 -0.998834908 0.013394666 0.046360575 112.997268677
0.026930161 0.018519869 0.999465823 6.555021286 0.021458581 0.999587238 -0.019100316 -2.744322300 -0.999406993 0.021961488 0.026521638 112.977737427
0.009104339 0.021940347 0.999717832 7.106362343 0.025296561 0.999434292 -0.022164498 -2.755374193 -0.999638557 0.025491217 0.008544172 112.982002258
-0.005465573 0.027520545 0.999606311 7.688930988 0.025622642 0.999296904 -0.027371932 -2.767414570 -0.999656796 0.025462957 -0.006166877 112.976081848
-0.016538819 0.032027949 0.999350131 8.282152176 0.023361264 0.999226451 -0.031637367 -2.782420158 -0.999590278 0.022822835 -0.017274234 112.967102051
-0.022582918 0.031729151 0.999241352 8.905584335 0.025228679 0.999195993 -0.031157546 -2.803842068 -0.999426663 0.024505904 -0.023365248 112.947731018
-0.025259519 0.028987523 0.999260545 9.583356857 0.031870160 0.999094725 -0.028177092 -2.817766666 -0.999172807 0.031134855 -0.026160490 112.933120728
-0.024840249 0.027483890 0.999313533 10.243522644 0.033314776 0.999089539 -0.026649611 -2.838473797 -0.999136209 0.032629926 -0.025733251 112.913291931
-0.022927213 0.027155519 0.999368191 10.926612854 0.032418635 0.999125481 -0.026405182 -2.862066031 -0.999211431 0.031792756 -0.023787506 112.904037476
-0.021480050 0.027326548 0.999395788 11.627530098 0.028522747 0.999236166 -0.026709149 -2.891173840 -0.999362350 0.027931796 -0.022243081 112.900886536
-0.020268908 0.028675618 0.999383271 12.343682289 0.027519558 0.999225855 -0.028112967 -2.912048578 -0.999415755 0.026932767 -0.021042354 112.891799927
-0.019265292 0.029528450 0.999378324 13.074649811 0.027005808 0.999214470 -0.029003013 -2.937169075 -0.999449670 0.026430268 -0.020047594 112.881378174
-0.018651642 0.029022811 0.999404728 13.820734024 0.026253676 0.999248028 -0.028528303 -2.966042995 -0.999481261 0.025705950 -0.019399576 112.876235962
-0.017764179 0.027522078 0.999463320 14.583464622 0.025469409 0.999309242 -0.027065141 -2.997390747 -0.999517739 0.024974957 -0.018452883 112.859306335
-0.017469143 0.026325617 0.999500751 15.361518860 0.026159365 0.999323189 -0.025863726 -3.025695801 -0.999505103 0.025694493 -0.018145982 112.849739075
-0.017820692 0.024102867 0.999550581 16.153636932 0.027127383 0.999352992 -0.023614455 -3.054246187 -0.999473095 0.026694372 -0.018463012 112.830390930
-0.018925507 0.022095814 0.999576628 16.944526672 0.024759317 0.999459565 -0.021624440 -3.086733580 -0.999514222 0.024339588 -0.019462354 112.821083069
-0.020183414 0.020972731 0.999576271 17.744022369 0.023431109 0.999515295 -0.020498330 -3.115468979 -0.999521673 0.023007462 -0.020665048 112.815429688
-0.021359457 0.018967614 0.999591887 18.546794891 0.026032172 0.999491692 -0.018409450 -3.134560347 -0.999432921 0.025628332 -0.021842360 112.795135498
-0.022433341 0.017252889 0.999599397 19.366722107 0.027450629 0.999484777 -0.016634850 -3.161268234 -0.999371409 0.027066454 -0.022895379 112.775840759
-0.024325686 0.016282072 0.999571443 20.200565338 0.024435574 0.999578357 -0.015687514 -3.189579010 -0.999405444 0.024043491 -0.024713285 112.763206482
-0.025221575 0.021190217 0.999457240 21.029464722 0.021302249 0.999559700 -0.020654820 -3.212930918 -0.999454856 0.020769736 -0.025661869 112.750938416
-0.025644222 0.025907235 0.999335289 21.846492767 0.022707803 0.999421418 -0.025326744 -3.243042231 -0.999413192 0.022043234 -0.026217682 112.720390320
-0.026909603 0.027509797 0.999259174 22.692056656 0.022793867 0.999378264 -0.026899237 -3.271448374 -0.999377966 0.022053139 -0.027519926 112.702117920
-0.028850069 0.025302839 0.999263465 23.539354324 0.019229306 0.999508560 -0.024753872 -3.305596828 -0.999398768 0.018500993 -0.029322451 112.698211670
-0.029273095 0.021062920 0.999349535 24.378211975 0.016812894 0.999646842 -0.020576699 -3.338946104 -0.999430060 0.016199615 -0.029616887 112.669487000
-0.029640948 0.016078547 0.999431372 25.236515045 0.015213479 0.999761999 -0.015632672 -3.364659548 -0.999444842 0.014741461 -0.029878510 112.649459839
-0.029852657 0.010118272 0.999503136 26.088493347 0.011767847 0.999882936 -0.009770642 -3.394245625 -0.999485075 0.011470320 -0.029968236 112.630638123
-0.029330386 0.008705289 0.999531925 26.924190521 0.008842072 0.999925196 -0.008449252 -3.420692682 -0.999530673 0.008590114 -0.029405167 112.603355408
-0.029032681 0.015625453 0.999456286 27.772205353 0.011723822 0.999814332 -0.015290488 -3.454022884 -0.999509692 0.011273523 -0.029210484 112.593917847
-0.027606038 0.026909314 0.999256611 28.603446960 0.013662156 0.999554336 -0.026539892 -3.479294777 -0.999525487 0.012919339 -0.027961379 112.565437317
-0.027068965 0.032020126 0.999120533 29.431396484 0.015998758 0.999372661 -0.031594746 -3.507109404 -0.999505520 0.015129452 -0.027564270 112.545127869
-0.026066270 0.026517201 0.999308527 30.276489258 0.017955108 0.999499202 -0.026053917 -3.545668840 -0.999498963 0.017263561 -0.026529336 112.534187317
-0.025133062 0.018630655 0.999510467 31.114496231 0.020629628 0.999623060 -0.018114015 -3.581673384 -0.999471366 0.020164266 -0.025507936 112.507728577
-0.024234647 0.015586343 0.999584734 31.945425034 0.022039205 0.999643743 -0.015052930 -3.609814167 -0.999463439 0.021665253 -0.024569530 112.482391357
-0.024038056 0.016303841 0.999577999 32.759521484 0.021014662 0.999654353 -0.015799722 -3.637897491 -0.999490201 0.020625999 -0.024372369 112.461257935
-0.026140753 0.017010685 0.999513447 33.590793610 0.017295897 0.999713182 -0.016561737 -3.669731140 -0.999508679 0.016854549 -0.026427472 112.460037231
-0.028249126 0.017504636 0.999447584 34.414325714 0.015269126 0.999737620 -0.017078135 -3.694671154 -0.999484360 0.014778251 -0.028508995 112.449249268
-0.030565683 0.017610712 0.999377549 35.228160858 0.014573789 0.999746382 -0.017171472 -3.718652248 -0.999426484 0.014039865 -0.030814590 112.430442810
-0.032648332 0.018020825 0.999304414 36.031276703 0.013586866 0.999752998 -0.017585019 -3.747774124 -0.999374628 0.013003294 -0.032885119 112.412269592
-0.034421057 0.018097250 0.999243498 36.829536438 0.012406349 0.999766588 -0.017679365 -3.780056238 -0.999330461 0.011788424 -0.034637544 112.378097534
-0.036182858 0.017039359 0.999199867 37.635314941 0.010578941 0.999805033 -0.016666597 -3.808117151 -0.999289274 0.009967434 -0.036356069 112.354164124
-0.038917430 0.016345138 0.999108732 38.446525574 0.011371776 0.999808550 -0.015913635 -3.833732843 -0.999177754 0.010742323 -0.039095864 112.337387085
-0.040370923 0.016087301 0.999055207 39.219364166 0.010868735 0.999818265 -0.015660394 -3.867646694 -0.999125659 0.010226245 -0.040538430 112.298233032
-0.042397905 0.016903907 0.998957813 40.009433746 0.010368230 0.999810457 -0.016478287 -3.893836021 -0.999046981 0.009658782 -0.042565141 112.273162842
-0.043580685 0.016974093 0.998905718 40.792404175 0.011462196 0.999798357 -0.016489185 -3.922097683 -0.998984218 0.010731045 -0.043766461 112.247024536
-0.044727102 0.015877269 0.998873055 41.562458038 0.012797322 0.999800742 -0.015318983 -3.951367378 -0.998917341 0.012097727 -0.044921383 112.209304810
-0.046184953 0.015144095 0.998818040 42.341281891 0.013126364 0.999807954 -0.014552148 -3.980323792 -0.998846650 0.012438762 -0.046374872 112.175933838
-0.047099855 0.014930971 0.998778582 43.112071991 0.011687431 0.999828041 -0.014395508 -4.005414009 -0.998821855 0.010995130 -0.047266256 112.139839172
-0.048646465 0.014351350 0.998712957 43.875225067 0.009883478 0.999854684 -0.013886342 -4.027565479 -0.998767197 0.009195238 -0.048781242 112.115913391
-0.049287561 0.012801606 0.998702586 44.612174988 0.008601729 0.999886155 -0.012392269 -4.054005623 -0.998747647 0.007979784 -0.049392067 112.086296082
-0.050143737 0.012925264 0.998658299 45.335647583 0.009534824 0.999876857 -0.012462282 -4.076079845 -0.998696506 0.008897126 -0.050260805 112.059150696
-0.050130773 0.015098560 0.998628557 46.031803131 0.009590403 0.999846876 -0.014635546 -4.107570648 -0.998696685 0.008843562 -0.050267909 112.021911621
-0.050137024 0.017950317 0.998581052 46.735034943 0.009804118 0.999799073 -0.017479965 -4.131462574 -0.998694301 0.008913815 -0.050302945 111.991058350
-0.050253719 0.019544749 0.998545229 47.439399719 0.007538043 0.999787450 -0.019189695 -4.158216953 -0.998708069 0.006562727 -0.050390366 111.963768005
-0.050554521 0.020457122 0.998511791 48.144355774 0.008453529 0.999763131 -0.020054759 -4.185859203 -0.998685539 0.007427089 -0.050715484 111.930061340
-0.050573640 0.020303590 0.998513997 48.849380493 0.009794181 0.999755383 -0.019832769 -4.209906101 -0.998672307 0.008776611 -0.050760128 111.900382996
-0.051017486 0.020023098 0.998497069 49.537910461 0.010370160 0.999755681 -0.019518485 -4.235528469 -0.998643935 0.009358788 -0.051212672 111.868431091
-0.051207066 0.019829731 0.998491168 50.223350525 0.006455005 0.999788523 -0.019524461 -4.263084412 -0.998667240 0.005445474 -0.051324233 111.837768555
-0.051087379 0.019988338 0.998494148 50.902454376 0.003871551 0.999796212 -0.019816315 -4.289832115 -0.998686671 0.002853357 -0.051154356 111.809852600
-0.051164798 0.018810527 0.998512983 51.587032318 0.005703356 0.999811769 -0.018542748 -4.315691471 -0.998673916 0.004746139 -0.051262457 111.779296875
-0.051861610 0.018337809 0.998485863 52.285057068 0.006504926 0.999816358 -0.018024374 -4.336083889 -0.998633087 0.005560305 -0.051971372 111.743507385
-0.055909649 0.018030187 0.998272955 52.963989258 0.003053369 0.999835372 -0.017887395 -4.359605789 -0.998431206 0.002048018 -0.055955492 111.718421936
-0.061170135 0.017611613 0.997971833 53.635189056 -0.000931316 0.999842823 -0.017701712 -4.385431290 -0.998126924 -0.002012243 -0.061144117 111.687088013
-0.066492058 0.021329278 0.997558892 54.290325165 0.003321090 0.999770641 -0.021155201 -4.410738945 -0.997781396 0.001906331 -0.066547647 111.633789062
-0.073331326 0.024261802 0.997012377 54.962844849 0.005085108 0.999700129 -0.023953188 -4.433900833 -0.997294664 0.003313398 -0.073432714 111.582344055
-0.080035605 0.025978122 0.996453404 55.666664124 0.004803669 0.999658763 -0.025675852 -4.458463669 -0.996780396 0.002731652 -0.080133080 111.527450562
-0.086667180 0.024675997 0.995931685 56.322818756 0.000626705 0.999694288 -0.024714684 -4.487377644 -0.996237040 -0.001517797 -0.086656146 111.473739624
-0.092219137 0.023303229 0.995466053 57.012882233 0.000096184 0.999726295 -0.023394050 -4.516220570 -0.995738685 -0.002061631 -0.092196122 111.416702271
-0.096901514 0.024334311 0.994996548 57.706073761 -0.002069154 0.999693930 -0.024650712 -4.537844658 -0.995291829 -0.004447492 -0.096821517 111.352745056
-0.100678414 0.023527673 0.994640827 58.402435303 -0.004261737 0.999700904 -0.024078747 -4.562360287 -0.994909883 -0.006663108 -0.100548029 111.285369873
-0.103017539 0.020005409 0.994478405 59.108558655 -0.003731842 0.999782860 -0.020498700 -4.592097282 -0.994672537 -0.005822963 -0.102920525 111.210113525
-0.105251618 0.016787928 0.994303882 59.819732666 -0.001859858 0.999852419 -0.017078478 -4.619179249 -0.994443893 -0.003646802 -0.105204865 111.141059875
-0.106902272 0.014048828 0.994170249 60.544551849 -0.002174512 0.999894381 -0.014363537 -4.642087936 -0.994267166 -0.003697332 -0.106860451 111.070152283
-0.107761167 0.013951626 0.994078875 61.273437500 -0.003190414 0.999891520 -0.014379052 -4.662898064 -0.994171619 -0.004721027 -0.107704982 110.994979858
-0.108805947 0.017412102 0.993910551 62.008247375 -0.001123214 0.999843836 -0.017639006 -4.686471462 -0.994062424 -0.003035603 -0.108769394 110.924530029
-0.108780898 0.021702763 0.993828833 62.737068176 0.004538781 0.999761999 -0.021335531 -4.712029457 -0.994055450 0.002189873 -0.108853526 110.838371277
-0.109453231 0.026133340 0.993648350 63.487506866 0.011299710 0.999622405 -0.025045769 -4.743588448 -0.993927658 0.008486599 -0.109707221 110.745307922
-0.109830961 0.027611788 0.993566751 64.239402771 0.012066918 0.999577403 -0.026444929 -4.768504143 -0.993877053 0.009084815 -0.110117763 110.662376404
-0.110134840 0.024671564 0.993610442 64.991844177 0.009333833 0.999673367 -0.023787521 -4.800643921 -0.993872702 0.006654358 -0.110329174 110.585929871
-0.110461712 0.020314967 0.993672669 65.749435425 0.010221836 0.999761403 -0.019303134 -4.826894760 -0.993827820 0.008024904 -0.110643007 110.509429932
-0.110301644 0.017791174 0.993738830 66.498748779 0.011800562 0.999792695 -0.016589733 -4.857129097 -0.993828118 0.009896804 -0.110488735 110.423927307
-0.111044064 0.017224148 0.993666232 67.234825134 0.012126755 0.999798894 -0.015975263 -4.886170864 -0.993741453 0.010275992 -0.111230597 110.338996887
-0.113364249 0.019045997 0.993370831 67.996353149 0.010992395 0.999779046 -0.017914396 -4.908115387 -0.993492723 0.008888673 -0.113548584 110.265068054
-0.115099147 0.019177919 0.993168831 68.733428955 0.009962758 0.999785602 -0.018151093 -4.936745644 -0.993304014 0.007805525 -0.115265548 110.180252075
-0.117767148 0.019860528 0.992842615 69.475082397 0.011691268 0.999758363 -0.018612098 -4.962131500 -0.992972374 0.009415695 -0.117970884 110.099266052
-0.119524017 0.019846471 0.992632926 70.218322754 0.011289094 0.999762595 -0.018629692 -4.989509583 -0.992767096 0.008979231 -0.119719692 110.009895325
-0.121531487 0.019427849 0.992397428 70.965583801 0.011721315 0.999766707 -0.018136702 -5.014341354 -0.992518365 0.009428021 -0.121730857 109.921890259
-0.123253457 0.019864002 0.992176354 71.717346191 0.009955102 0.999774039 -0.018779438 -5.037793636 -0.992325246 0.007562587 -0.123423360 109.834892273
-0.124382123 0.021552578 0.992000341 72.474365234 0.009953078 0.999740958 -0.020472780 -5.062295914 -0.992184460 0.007327010 -0.124564417 109.744674683
-0.125292465 0.021818435 0.991879940 73.244964600 0.008339775 0.999745965 -0.020938000 -5.087718964 -0.992084742 0.005648682 -0.125442624 109.655639648
-0.126580492 0.021978958 0.991712868 74.013816833 0.007919403 0.999744952 -0.021146154 -5.113636494 -0.991924703 0.005177083 -0.126722306 109.564308167
-0.127594173 0.020538319 0.991613746 74.792816162 0.008627175 0.999770582 -0.019597175 -5.139172077 -0.991788924 0.006054340 -0.127742112 109.465690613
-0.128979340 0.018232036 0.991479576 75.585708618 0.006180095 0.999826252 -0.017581562 -5.161791801 -0.991627991 0.003859781 -0.129069626 109.375770569
-0.130644351 0.016182255 0.991297185 76.366149902 0.003310881 0.999868214 -0.015885824 -5.183799267 -0.991423786 0.001206673 -0.130680725 109.279281616
-0.132913157 0.015200322 0.991011143 77.157493591 0.004108178 0.999882221 -0.014785407 -5.216835976 -0.991119146 0.002106076 -0.132959992 109.177627563
-0.134410754 0.015908562 0.990797997 77.958557129 0.005542772 0.999867618 -0.015302258 -5.237287998 -0.990910172 0.003434980 -0.134481147 109.069488525
-0.136433467 0.017278587 0.990498602 78.755233765 0.005057425 0.999846995 -0.016745042 -5.262119293 -0.990636289 0.002724788 -0.136500001 108.961349487
-0.138212726 0.020745214 0.990185261 79.561866760 0.006230733 0.999779046 -0.020076508 -5.286078453 -0.990382969 0.003394753 -0.138311446 108.855300903
-0.138957530 0.024239581 0.990001678 80.381896973 0.007836223 0.999695957 -0.023377044 -5.320525646 -0.990267336 0.004509457 -0.139105305 108.747413635
-0.139828488 0.028452685 0.989766955 81.195495605 0.009027011 0.999582231 -0.027459560 -5.355206966 -0.990134597 0.005095008 -0.140026942 108.624816895
-0.139558971 0.029643351 0.989769936 82.024116516 0.011119086 0.999535620 -0.028368024 -5.385080814 -0.990151346 0.007046325 -0.139823765 108.508232117
-0.139396280 0.029197359 0.989806175 82.865913391 0.014998097 0.999512732 -0.027371475 -5.417897224 -0.990123093 0.011029727 -0.139766276 108.395385742
-0.139202014 0.027036127 0.989894867 83.707412720 0.015730094 0.999561429 -0.025088130 -5.453173161 -0.990139127 0.012078822 -0.139566258 108.281005859
-0.137928724 0.025407434 0.990116119 84.540573120 0.014967306 0.999610186 -0.023566023 -5.489596367 -0.990329027 0.011568942 -0.138255239 108.161888123
-0.136547059 0.023012385 0.990366220 85.398010254 0.013491938 0.999680579 -0.021368608 -5.519953728 -0.990541637 0.010444138 -0.136813924 108.057243347
-0.135122955 0.019666689 0.990633488 86.243682861 0.013958374 0.999741495 -0.017943570 -5.552090645 -0.990730584 0.011403047 -0.135362580 107.948669434
-0.133329108 0.016152464 0.990940094 87.107933044 0.014309621 0.999794245 -0.014371458 -5.582980156 -0.990968525 0.012263848 -0.133532807 107.832168579
-0.131354719 0.015966699 0.991206825 87.970855713 0.012678076 0.999815524 -0.014425273 -5.612028122 -0.991254389 0.010671769 -0.131532922 107.722473145
-0.130403623 0.020347323 0.991252065 88.836021423 0.014041384 0.999726892 -0.018674079 -5.641963005 -0.991361499 0.011483385 -0.130653739 107.617454529
-0.128285661 0.026381157 0.991386354 89.681762695 0.014095985 0.999593616 -0.024775529 -5.674462318 -0.991637111 0.010796222 -0.128605396 107.512123108
-0.127012923 0.030153872 0.991442680 90.537826538 0.011929493 0.999511898 -0.028871018 -5.702853203 -0.991829395 0.008160415 -0.127310649 107.408027649
-0.125581041 0.027342815 0.991706491 91.420402527 0.010428761 0.999601245 -0.026239879 -5.737672806 -0.992028475 0.007047038 -0.125816151 107.307006836
