1305031102.175304 0.0000000 0.0000000 0.0000000 1.0000000 0.0000000 0.0000000 0.0000000 1.0000000 0.0000000 0.0000000 0.0000000 1.0000000 0 0 517.3063965 516.4692383 318.6430359 255.3139954 0.0019331 0.0019362 40.0000000 0.0773236 3.0929446
1305031103.143318 -0.0178532 0.0628907 0.3363151 0.9987040 0.0096735 0.0499688 -0.0048039 0.9953050 -0.0966688 -0.0506693 0.0963035 0.9940615 5 25 517.3063965 516.4692383 318.6430359 255.3139954 0.0019331 0.0019362 40.0000000 0.0773236 3.0929446
1305031104.575343 0.0057641 -0.0496756 -0.0241269 0.9983512 -0.0209564 0.0534382 0.0218413 0.9996330 -0.0160277 -0.0530827 0.0171684 0.9984425 8 67 517.3063965 516.4692383 318.6430359 255.3139954 0.0019331 0.0019362 40.0000000 0.0773236 3.0929446
1305031106.011285 -0.0014024 0.0278327 0.3077426 0.9996710 0.0249953 -0.0057443 -0.0253749 0.9964733 -0.0799817 0.0037249 0.0801012 0.9967798 11 109 517.3063965 516.4692383 318.6430359 255.3139954 0.0019331 0.0019362 40.0000000 0.0773236 3.0929446
1305031106.243267 -0.0128072 0.0495047 0.3801797 0.9989399 0.0455353 -0.0067495 -0.0460286 0.9900260 -0.1331538 0.0006189 0.1333234 0.9910724 12 116 517.3063965 516.4692383 318.6430359 255.3139954 0.0019331 0.0019362 40.0000000 0.0773236 3.0929446
1305031107.575454 0.0186094 -0.0408656 0.0042668 0.9989639 -0.0412880 -0.0191415 0.0415901 0.9990120 0.0156614 0.0184760 -0.0164413 0.9996941 14 156 517.3063965 516.4692383 318.6430359 255.3139954 0.0019331 0.0019362 40.0000000 0.0773236 3.0929446
1305031107.975807 0.0425818 -0.0267834 0.0285299 0.9983820 -0.0469423 -0.0320907 0.0468335 0.9988942 -0.0041343 0.0322492 0.0026247 0.9994764 15 168 517.3063965 516.4692383 318.6430359 255.3139954 0.0019331 0.0019362 40.0000000 0.0773236 3.0929446
1305031108.143334 0.0974434 -0.0213954 0.0451149 0.9957508 -0.0320869 -0.0863171 0.0341000 0.9991774 0.0219483 0.0855419 -0.0247985 0.9960259 16 173 517.3063965 516.4692383 318.6430359 255.3139954 0.0019331 0.0019362 40.0000000 0.0773236 3.0929446
1305031108.375410 0.1726779 -0.0076589 0.0703726 0.9945600 -0.0150817 -0.1030676 0.0136089 0.9997952 -0.0149787 0.1032724 0.0134945 0.9945616 17 180 517.3063965 516.4692383 318.6430359 255.3139954 0.0019331 0.0019362 40.0000000 0.0773236 3.0929446
1305031108.611407 0.2745948 -0.0106198 0.0828788 0.9920733 0.0283472 -0.1224216 -0.0315316 0.9992109 -0.0241529 0.1216403 0.0278216 0.9921843 18 187 517.3063965 516.4692383 318.6430359 255.3139954 0.0019331 0.0019362 40.0000000 0.0773236 3.0929446
1305031108.876515 0.3250673 -0.0080071 0.0927500 0.9796873 0.0839715 -0.1821035 -0.0915131 0.9952436 -0.0333989 0.1784328 0.0493853 0.9827120 19 195 517.3063965 516.4692383 318.6430359 255.3139954 0.0019331 0.0019362 40.0000000 0.0773236 3.0929446
1305031109.211379 0.2577939 0.0144771 0.0721465 0.9911986 0.0667827 -0.1143039 -0.0697695 0.9973133 -0.0223277 0.1125057 0.0301061 0.9931949 20 205 517.3063965 516.4692383 318.6430359 255.3139954 0.0019331 0.0019362 40.0000000 0.0773236 3.0929446
1305031110.679606 -0.2936746 0.0387400 0.0737301 0.9714680 -0.1166096 0.2065240 0.1507601 0.9758339 -0.1581757 -0.1830883 0.1847982 0.9655715 25 249 517.3063965 516.4692383 318.6430359 255.3139954 0.0019331 0.0019362 40.0000000 0.0773236 3.0929446
1305031111.179326 -0.2518382 0.0510745 0.0918455 0.9737419 -0.1196758 0.1936607 0.1519804 0.9750831 -0.1616013 -0.1694955 0.1867906 0.9676676 26 264 517.3063965 516.4692383 318.6430359 255.3139954 0.0019331 0.0019362 40.0000000 0.0773236 3.0929446
1305031111.679320 -0.0333710 0.0197072 0.0920334 0.9928076 -0.0422586 0.1120145 0.0559840 0.9909045 -0.1223687 -0.1058246 0.1277596 0.9861434 28 279 517.3063965 516.4692383 318.6430359 255.3139954 0.0019331 0.0019362 40.0000000 0.0773236 3.0929446
1305031112.643246 0.3325194 0.0021930 0.0944525 0.9877225 0.0777190 -0.1355138 -0.0777215 0.9969611 0.0052799 0.1355123 0.0053173 0.9907614 30 308 517.3063965 516.4692383 318.6430359 255.3139954 0.0019331 0.0019362 40.0000000 0.0773236 3.0929446
1305031112.943321 0.2989369 0.0075053 0.1090463 0.9835230 0.0907016 -0.1563835 -0.0991860 0.9939433 -0.0473160 0.1511447 0.0620474 0.9865624 31 317 517.3063965 516.4692383 318.6430359 255.3139954 0.0019331 0.0019362 40.0000000 0.0773236 3.0929446
1305031113.279312 0.1889421 -0.0047895 0.0892600 0.9939263 0.0705748 -0.0844381 -0.0774519 0.9936880 -0.0811504 0.0781779 0.0871974 0.9931188 32 327 517.3063965 516.4692383 318.6430359 255.3139954 0.0019331 0.0019362 40.0000000 0.0773236 3.0929446
1305031114.079285 -0.1819712 -0.0001201 0.0894598 0.9970248 -0.0731009 0.0244491 0.0743056 0.9958444 -0.0526551 -0.0204984 0.0543151 0.9983134 33 351 517.3063965 516.4692383 318.6430359 255.3139954 0.0019331 0.0019362 40.0000000 0.0773236 3.0929446
1305031114.343331 -0.2741678 0.0126553 0.1011553 0.9888360 -0.1081149 0.1025406 0.1125236 0.9929139 -0.0382151 -0.0976824 0.0493267 0.9939945 34 359 517.3063965 516.4692383 318.6430359 255.3139954 0.0019331 0.0019362 40.0000000 0.0773236 3.0929446
1305031114.611391 -0.3439394 0.0130823 0.1072838 0.9798217 -0.1215965 0.1586307 0.1305779 0.9903023 -0.0474421 -0.1513236 0.0671985 0.9861975 35 367 517.3063965 516.4692383 318.6430359 255.3139954 0.0019331 0.0019362 40.0000000 0.0773236 3.0929446
1305031115.011300 -0.3249396 0.0291809 0.1114353 0.9701287 -0.1447946 0.1946401 0.1599513 0.9850175 -0.0644684 -0.1823892 0.0936755 0.9787539 36 379 517.3063965 516.4692383 318.6430359 255.3139954 0.0019331 0.0019362 40.0000000 0.0773236 3.0929446
1305031115.279966 -0.2196268 0.0278179 0.1390105 0.9831625 -0.1145579 0.1423656 0.1270664 0.9884911 -0.0820944 -0.1313226 0.0988020 0.9864038 37 387 517.3063965 516.4692383 318.6430359 255.3139954 0.0019331 0.0019362 40.0000000 0.0773236 3.0929446
1305031115.543604 -0.0476271 0.0231603 0.1728262 0.9914279 -0.0273266 0.1277652 0.0433808 0.9912566 -0.1246134 -0.1232429 0.1290878 0.9839449 38 395 517.3063965 516.4692383 318.6430359 255.3139954 0.0019331 0.0019362 40.0000000 0.0773236 3.0929446
1305031115.943311 0.1341641 0.0188386 0.1643913 0.9900882 0.1338705 -0.0424756 -0.1378867 0.9840052 -0.1127879 0.0266972 0.1175267 0.9927108 39 407 517.3063965 516.4692383 318.6430359 255.3139954 0.0019331 0.0019362 40.0000000 0.0773236 3.0929446
1305031116.243320 0.2518055 0.0252881 0.1814718 0.9671640 0.1777329 -0.1816719 -0.2076494 0.9647597 -0.1616182 0.1465448 0.1940354 0.9699870 40 416 517.3063965 516.4692383 318.6430359 255.3139954 0.0019331 0.0019362 40.0000000 0.0773236 3.0929446
1305031116.511205 0.2724795 0.0218932 0.1763572 0.9431062 0.2143105 -0.2542081 -0.2554345 0.9564413 -0.1413269 0.2128473 0.1982198 0.9567680 41 424 517.3063965 516.4692383 318.6430359 255.3139954 0.0019331 0.0019362 40.0000000 0.0773236 3.0929446
1305031116.779298 0.1632516 0.0243739 0.1593892 0.9777696 0.0955212 -0.1866608 -0.1251073 0.9801567 -0.1537567 0.1682698 0.1736912 0.9703178 42 432 517.3063965 516.4692383 318.6430359 255.3139954 0.0019331 0.0019362 40.0000000 0.0773236 3.0929446
1305031116.912044 0.0805021 0.0378868 0.1550223 0.9905729 0.0483036 -0.1281873 -0.0667145 0.9874042 -0.1434649 0.1196428 0.1506644 0.9813184 43 436 517.3063965 516.4692383 318.6430359 255.3139954 0.0019331 0.0019362 40.0000000 0.0773236 3.0929446
1305031117.943253 -0.0473370 -0.0874697 0.1882508 0.9941714 -0.0062866 0.1076275 0.0231244 0.9874985 -0.1559230 -0.1053018 0.1575030 0.9818882 44 467 517.3063965 516.4692383 318.6430359 255.3139954 0.0019331 0.0019362 40.0000000 0.0773236 3.0929446
1305031118.311299 -0.0560183 -0.1993589 0.2387145 0.9971360 -0.0220664 0.0723389 0.0313936 0.9909572 -0.1304539 -0.0688061 0.1323512 0.9888119 45 478 517.3063965 516.4692383 318.6430359 255.3139954 0.0019331 0.0019362 40.0000000 0.0773236 3.0929446
1305031119.579559 -0.0553991 0.1058789 0.1084267 0.9946945 -0.0374146 0.0958279 0.0475965 0.9931973 -0.1062724 -0.0911999 0.1102696 0.9897087 46 516 517.3063965 516.4692383 318.6430359 255.3139954 0.0019331 0.0019362 40.0000000 0.0773236 3.0929446
1305031119.947392 -0.0636275 0.2175540 0.0889666 0.9981608 -0.0038021 0.0605029 0.0134545 0.9870346 -0.1599426 -0.0591104 0.1604625 0.9852704 47 527 517.3063965 516.4692383 318.6430359 255.3139954 0.0019331 0.0019362 40.0000000 0.0773236 3.0929446
1305031121.647183 -0.0559947 -0.1842936 0.2269106 0.9952235 -0.0052083 0.0974834 0.0077710 0.9996336 -0.0259270 -0.0973127 0.0265607 0.9948994 48 578 517.3063965 516.4692383 318.6430359 255.3139954 0.0019331 0.0019362 40.0000000 0.0773236 3.0929446
1305031123.683753 -0.0535177 0.2869739 0.0913944 0.9993123 0.0193387 0.0316358 -0.0110251 0.9695997 -0.2444481 -0.0354014 0.2439312 0.9691462 49 639 517.3063965 516.4692383 318.6430359 255.3139954 0.0019331 0.0019362 40.0000000 0.0773236 3.0929446
1305031124.311361 -0.0523894 0.1941705 0.1166028 0.9958626 0.0375928 0.0827310 -0.0192719 0.9770796 -0.2120002 -0.0888045 0.2095287 0.9737615 50 658 517.3063965 516.4692383 318.6430359 255.3139954 0.0019331 0.0019362 40.0000000 0.0773236 3.0929446
