0.000000 0.000000 1.000000 0.000000 -1.000000 0.000000 0.000000 0.000000 0.000000 -1.000000 0.000000 0.000000
0.001903 0.002818 0.999994 -0.005872 -0.999995 0.002359 0.001896 -0.001203 -0.002354 -0.999993 0.002822 0.676655
0.001497 0.006797 0.999976 -0.022108 -0.999993 0.003569 0.001473 -0.001783 -0.003559 -0.999971 0.006802 1.403038
0.001338 0.011619 0.999932 -0.018061 -0.999988 0.004712 0.001283 -0.017640 -0.004697 -0.999921 0.011625 2.140478
-0.000170 0.016422 0.999865 -0.035614 -0.999986 0.005251 -0.000256 -0.021034 -0.005254 -0.999851 0.016421 2.884490
0.000491 0.020929 0.999781 -0.048573 -0.999986 0.005335 0.000380 -0.033657 -0.005326 -0.999767 0.020932 3.668007
-0.001130 0.025201 0.999682 -0.076279 -0.999977 0.006655 -0.001298 -0.041111 -0.006685 -0.999660 0.025193 4.434999
-0.003680 0.030131 0.999539 -0.103619 -0.999966 0.007300 -0.003902 -0.049432 -0.007414 -0.999519 0.030102 5.224481
-0.003907 0.034630 0.999393 -0.130993 -0.999976 0.005516 -0.004100 -0.056013 -0.005655 -0.999385 0.034608 6.050131
-0.002772 0.038639 0.999249 -0.181166 -0.999992 0.002899 -0.002886 -0.061456 -0.003008 -0.999249 0.038631 6.881119
-0.002721 0.042479 0.999094 -0.215853 -0.999996 -0.000028 -0.002722 -0.077136 -0.000088 -0.999097 0.042478 7.718618
-0.003504 0.045153 0.998974 -0.261279 -0.999994 0.000478 -0.003529 -0.078215 -0.000636 -0.998980 0.045151 8.559006
-0.003373 0.047741 0.998854 -0.302593 -0.999994 0.000600 -0.003406 -0.089046 -0.000762 -0.998860 0.047738 9.413631
0.000013 0.049864 0.998756 -0.353663 -0.999999 0.001087 -0.000041 -0.091635 -0.001087 -0.998755 0.049864 10.275759
-0.000251 0.051882 0.998653 -0.403406 -1.000000 0.000222 -0.000262 -0.104075 -0.000235 -0.998653 0.051881 11.164797
0.001348 0.052205 0.998636 -0.462320 -0.999999 0.000517 0.001323 -0.111647 -0.000447 -0.998636 0.052205 12.049489
-0.000603 0.054084 0.998536 -0.515225 -0.999996 0.002893 -0.000760 -0.114024 -0.002930 -0.998532 0.054082 12.935024
-0.001181 0.055376 0.998465 -0.566947 -0.999985 0.005304 -0.001476 -0.127665 -0.005377 -0.998452 0.055369 13.835196
-0.004768 0.056559 0.998388 -0.625318 -0.999964 0.006719 -0.005156 -0.141284 -0.006999 -0.998377 0.056524 14.718758
-0.004960 0.057479 0.998335 -0.680536 -0.999966 0.006319 -0.005332 -0.152756 -0.006615 -0.998327 0.057445 15.630734
-0.003808 0.059379 0.998228 -0.725935 -0.999983 0.004282 -0.004069 -0.171378 -0.004516 -0.998226 0.059361 16.543602
-0.004102 0.060917 0.998134 -0.793901 -0.999987 0.002936 -0.004289 -0.177551 -0.003191 -0.998139 0.060905 17.482519
-0.003624 0.061605 0.998094 -0.861639 -0.999989 0.002793 -0.003803 -0.190809 -0.003022 -0.998097 0.061594 18.433819
-0.002888 0.063371 0.997986 -0.921699 -0.999990 0.003217 -0.003099 -0.203410 -0.003407 -0.997985 0.063362 19.374981
-0.001534 0.064172 0.997938 -0.990467 -0.999990 0.004143 -0.001803 -0.209671 -0.004250 -0.997930 0.064165 20.321203
-0.002529 0.063872 0.997955 -1.068406 -0.999993 0.002638 -0.002703 -0.223269 -0.002806 -0.997955 0.063865 21.273283
-0.003930 0.063622 0.997966 -1.129238 -0.999992 -0.001104 -0.003867 -0.238527 0.000856 -0.997973 0.063626 22.210745
-0.004887 0.062704 0.998020 -1.200535 -0.999977 -0.005012 -0.004581 -0.246489 0.004715 -0.998020 0.062727 23.179806
-0.003514 0.061069 0.998127 -1.265817 -0.999966 -0.007648 -0.003053 -0.244035 0.007447 -0.998104 0.061094 24.148649
-0.003429 0.059905 0.998198 -1.321549 -0.999958 -0.008669 -0.002915 -0.250755 0.008479 -0.998167 0.059932 25.135458
-0.003884 0.058350 0.998289 -1.386138 -0.999975 -0.006138 -0.003531 -0.258458 0.005922 -0.998277 0.058372 26.104153
-0.003929 0.057107 0.998360 -1.452120 -0.999991 -0.001630 -0.003842 -0.258546 0.001408 -0.998367 0.057113 27.087812
-0.003393 0.055923 0.998429 -1.513773 -0.999994 0.001089 -0.003459 -0.270411 -0.001281 -0.998435 0.055919 28.090239
-0.001251 0.055373 0.998465 -1.564526 -0.999999 -0.000182 -0.001243 -0.286132 0.000113 -0.998466 0.055374 29.087578
0.000377 0.055407 0.998464 -1.618514 -0.999986 -0.005196 0.000666 -0.294573 0.005225 -0.998450 0.055405 30.065554
0.004699 0.056180 0.998410 -1.679756 -0.999949 -0.008622 0.005191 -0.296945 0.008900 -0.998383 0.056137 31.083370
0.011676 0.057460 0.998280 -1.722147 -0.999893 -0.008122 0.012162 -0.307774 0.008807 -0.998315 0.057359 32.083813
0.012969 0.059305 0.998156 -1.772747 -0.999903 -0.004409 0.013254 -0.313317 0.005187 -0.998230 0.059241 33.090263
0.012996 0.060734 0.998069 -1.848692 -0.999914 -0.000758 0.013067 -0.318105 0.001550 -0.998154 0.060719 34.117344
0.012191 0.062927 0.997944 -1.910518 -0.999925 0.000014 0.012214 -0.324170 0.000755 -0.998018 0.062923 35.130207
0.011442 0.064307 0.997865 -1.964760 -0.999932 -0.001386 0.011555 -0.339662 0.002126 -0.997929 0.064287 36.159096
0.008225 0.065733 0.997803 -2.032237 -0.999954 -0.004349 0.008529 -0.353952 0.004900 -0.997828 0.065694 37.186466
0.008779 0.066772 0.997730 -2.121716 -0.999941 -0.005719 0.009181 -0.355418 0.006319 -0.997752 0.066718 38.250042
0.007199 0.067599 0.997687 -2.200651 -0.999938 -0.008035 0.007760 -0.357117 0.008541 -0.997680 0.067537 39.278271
0.007352 0.067638 0.997683 -2.273122 -0.999902 -0.011378 0.008139 -0.365006 0.011902 -0.997645 0.067547 40.299980
0.001884 0.068199 0.997670 -2.352786 -0.999902 -0.013725 0.002826 -0.369272 0.013886 -0.997577 0.068167 41.329174
0.002268 0.068352 0.997659 -2.430828 -0.999908 -0.013216 0.003179 -0.366677 0.013403 -0.997574 0.068316 42.369698
0.002139 0.067951 0.997687 -2.504074 -0.999928 -0.011633 0.002937 -0.369192 0.011806 -0.997621 0.067921 43.389172
0.000387 0.067782 0.997700 -2.583665 -0.999953 -0.009661 0.001044 -0.373159 0.009710 -0.997653 0.067775 44.426834
0.000825 0.068689 0.997638 -2.664224 -0.999952 -0.009745 0.001498 -0.377795 0.009824 -0.997591 0.068678 45.457542
0.003037 0.070221 0.997527 -2.717977 -0.999930 -0.011227 0.003835 -0.381974 0.011468 -0.997468 0.070182 46.463184
0.002131 0.071468 0.997441 -2.797529 -0.999923 -0.012032 0.002998 -0.382797 0.012215 -0.997370 0.071437 47.510109
-0.000499 0.071480 0.997442 -2.884565 -0.999962 -0.008720 0.000125 -0.391360 0.008706 -0.997404 0.071482 48.535252
-0.001491 0.072278 0.997383 -2.956077 -0.999989 -0.004556 -0.001165 -0.397751 0.004460 -0.997374 0.072284 49.524868
-0.001964 0.073016 0.997329 -3.030072 -0.999992 -0.003626 -0.001704 -0.399622 0.003492 -0.997324 0.073023 50.521481
-0.000605 0.073339 0.997307 -3.096396 -0.999972 -0.007487 -0.000056 -0.408972 0.007463 -0.997279 0.073341 51.527683
0.001986 0.073613 0.997285 -3.166600 -0.999939 -0.010661 0.002778 -0.413044 0.010836 -0.997230 0.073588 52.518871
0.002737 0.073579 0.997286 -3.261145 -0.999929 -0.011387 0.003585 -0.432406 0.011620 -0.997224 0.073542 53.534523
0.006155 0.073648 0.997265 -3.328694 -0.999923 -0.010273 0.006930 -0.437050 0.010756 -0.997231 0.073579 54.524605
0.008678 0.074109 0.997212 -3.398028 -0.999915 -0.009048 0.009374 -0.444893 0.009717 -0.997209 0.074024 55.499737
0.009594 0.075083 0.997131 -3.475197 -0.999892 -0.010422 0.010405 -0.454505 0.011173 -0.997123 0.074975 56.472492
0.012562 0.076495 0.996991 -3.542408 -0.999797 -0.014778 0.013731 -0.463101 0.015783 -0.996961 0.076293 57.449074
0.013789 0.077262 0.996915 -3.619133 -0.999687 -0.019742 0.015358 -0.457802 0.020867 -0.996815 0.076966 58.439560
0.012285 0.077699 0.996901 -3.700257 -0.999662 -0.021893 0.014026 -0.453268 0.022915 -0.996737 0.077404 59.409805
0.011342 0.079143 0.996799 -3.785589 -0.999756 -0.018027 0.012807 -0.448447 0.018983 -0.996700 0.078919 60.381523
0.010240 0.080268 0.996721 -3.868212 -0.999886 -0.010264 0.011099 -0.442878 0.011122 -0.996720 0.080154 61.328388
0.008014 0.080905 0.996690 -3.950773 -0.999948 -0.005649 0.008498 -0.450375 0.006318 -0.996706 0.080856 62.267628
0.003150 0.081556 0.996664 -4.050661 -0.999973 -0.006418 0.003685 -0.453883 0.006697 -0.996648 0.081533 63.209297
0.000084 0.082562 0.996586 -4.142302 -0.999963 -0.008534 0.000791 -0.457802 0.008570 -0.996549 0.082558 64.152779
-0.002131 0.083923 0.996470 -4.214332 -0.999943 -0.010596 -0.001246 -0.475617 0.010454 -0.996416 0.083940 65.046364
-0.003013 0.084614 0.996409 -4.308403 -0.999948 -0.010004 -0.002174 -0.471520 0.009784 -0.996364 0.084639 65.956932
-0.004258 0.086374 0.996254 -4.391775 -0.999932 -0.011177 -0.003305 -0.482642 0.010850 -0.996200 0.086416 66.835983
-0.005051 0.087697 0.996134 -4.479863 -0.999924 -0.011601 -0.004049 -0.486095 0.011201 -0.996080 0.087749 67.697899
-0.004600 0.089186 0.996004 -4.563312 -0.999921 -0.012036 -0.003540 -0.489076 0.011672 -0.995942 0.089234 68.565819
-0.005310 0.090424 0.995889 -4.638849 -0.999904 -0.013193 -0.004133 -0.501107 0.012765 -0.995816 0.090485 69.390541
-0.008340 0.091686 0.995753 -4.727339 -0.999852 -0.015725 -0.006927 -0.495119 0.015023 -0.995664 0.091804 70.241699
-0.009722 0.092465 0.995669 -4.830006 -0.999775 -0.019694 -0.007933 -0.490963 0.018875 -0.995521 0.092636 71.072540
-0.012370 0.094164 0.995480 -4.908494 -0.999712 -0.021666 -0.010373 -0.493553 0.020591 -0.995321 0.094405 71.867706
-0.015044 0.095213 0.995343 -4.991469 -0.999750 -0.017889 -0.013399 -0.495246 0.016529 -0.995296 0.095458 72.628609
-0.015356 0.095921 0.995270 -5.080432 -0.999838 -0.010838 -0.014382 -0.502262 0.009408 -0.995330 0.096072 73.384827
-0.014434 0.097565 0.995125 -5.152607 -0.999889 -0.005001 -0.014013 -0.506742 0.003610 -0.995217 0.097626 74.114594
-0.014905 0.098382 0.995037 -5.216679 -0.999886 -0.004000 -0.014582 -0.511774 0.002545 -0.995141 0.098431 74.844124
-0.017967 0.098842 0.994941 -5.294354 -0.999822 -0.007461 -0.017314 -0.520906 0.005712 -0.995075 0.098958 75.540527
-0.017952 0.099846 0.994841 -5.367293 -0.999809 -0.009536 -0.017084 -0.528849 0.007781 -0.994957 0.099998 76.220459
-0.015166 0.100757 0.994796 -5.434303 -0.999874 -0.006161 -0.014620 -0.535861 0.004656 -0.994892 0.100838 76.887657
-0.006590 0.100676 0.994897 -5.484891 -0.999978 -0.000970 -0.006525 -0.541714 0.000308 -0.994919 0.100680 77.517715
-0.002711 0.099840 0.995000 -5.538556 -0.999988 0.003749 -0.003101 -0.546662 -0.004040 -0.994997 0.099829 78.131439
-0.005478 0.097162 0.995253 -5.593355 -0.999975 0.003911 -0.005886 -0.555064 -0.004464 -0.995261 0.097139 78.742699
-0.010411 0.092826 0.995628 -5.658182 -0.999943 0.001186 -0.010567 -0.562203 -0.002162 -0.995682 0.092808 79.327744
-0.008676 0.088297 0.996056 -5.699160 -0.999962 -0.001967 -0.008536 -0.576748 0.001206 -0.996092 0.088311 79.906807
-0.005242 0.082122 0.996608 -5.745406 -0.999970 -0.006063 -0.004760 -0.583166 0.005651 -0.996604 0.082152 80.458511
0.000016 0.074343 0.997233 -5.767454 -0.999949 -0.010048 0.000765 -0.602255 0.010077 -0.997182 0.074339 81.022301
-0.003847 0.063486 0.997975 -5.801271 -0.999944 -0.010088 -0.003212 -0.608113 0.009864 -0.997932 0.063521 81.545540
-0.009423 0.048031 0.998801 -5.835578 -0.999914 -0.009618 -0.008971 -0.605345 0.009175 -0.998800 0.048118 82.058578
-0.014185 0.030148 0.999445 -5.850863 -0.999848 -0.010560 -0.013872 -0.606642 0.010136 -0.999490 0.030293 82.569290
-0.013042 0.008352 0.999880 -5.833846 -0.999851 -0.011423 -0.012946 -0.611851 0.011314 -0.999900 0.008499 83.065170
-0.009476 -0.017781 0.999797 -5.800785 -0.999874 -0.012562 -0.009701 -0.614584 0.012732 -0.999763 -0.017660 83.552048
-0.008278 -0.047206 0.998851 -5.766142 -0.999860 -0.014112 -0.008954 -0.614211 0.014519 -0.998785 -0.047082 84.019447
-0.007607 -0.079904 0.996774 -5.698128 -0.999838 -0.015636 -0.008884 -0.619323 0.016295 -0.996680 -0.079772 84.480080
-0.007663 -0.118167 0.992964 -5.628637 -0.999823 -0.016143 -0.009637 -0.620719 0.017169 -0.992863 -0.118022 84.940224
-0.008102 -0.159834 0.987111 -5.522105 -0.999811 -0.016164 -0.010823 -0.625964 0.017685 -0.987012 -0.159673 85.386398
-0.007771 -0.205582 0.978609 -5.407981 -0.999812 -0.015790 -0.011256 -0.626289 0.017766 -0.978513 -0.205420 85.817535
-0.009802 -0.254820 0.966939 -5.286830 -0.999807 -0.013990 -0.013822 -0.637528 0.017049 -0.966887 -0.254634 86.199722
-0.010892 -0.308614 0.951125 -5.133972 -0.999825 -0.011119 -0.015057 -0.640445 0.015223 -0.951122 -0.308439 86.602577
-0.011634 -0.365057 0.930912 -4.956983 -0.999838 -0.008550 -0.015849 -0.640081 0.013745 -0.930946 -0.364899 86.989746
-0.012747 -0.422781 0.906142 -4.756246 -0.999834 -0.006397 -0.017050 -0.638834 0.013005 -0.906209 -0.422630 87.354973
-0.013261 -0.481206 0.876507 -4.538723 -0.999842 -0.004005 -0.017326 -0.638252 0.011847 -0.876598 -0.481077 87.695206
-0.012432 -0.538077 0.842804 -4.294413 -0.999882 -0.000930 -0.015343 -0.634618 0.009039 -0.842895 -0.538002 88.004654
-0.011281 -0.592210 0.805705 -4.039034 -0.999896 -0.000581 -0.014427 -0.654933 0.009012 -0.805784 -0.592141 88.285652
-0.010579 -0.644037 0.764921 -3.753225 -0.999903 -0.000094 -0.013908 -0.649001 0.009029 -0.764995 -0.643974 88.588387
-0.010426 -0.692063 0.721762 -3.457224 -0.999868 -0.001775 -0.016146 -0.652966 0.012455 -0.721835 -0.691953 88.844589
-0.009295 -0.736666 0.676193 -3.148914 -0.999867 -0.002215 -0.016157 -0.663997 0.013400 -0.676253 -0.736547 89.074112
-0.008290 -0.777473 0.628862 -2.820042 -0.999917 0.000227 -0.012900 -0.662440 0.009887 -0.628917 -0.777410 89.297035
-0.005773 -0.813164 0.582006 -2.482705 -0.999975 0.002292 -0.006717 -0.658530 0.004129 -0.582030 -0.813157 89.478760
-0.007749 -0.844757 0.535095 -2.137662 -0.999950 0.003142 -0.009521 -0.675001 0.006361 -0.535142 -0.844738 89.656799
-0.010655 -0.873161 0.487315 -1.797204 -0.999895 0.004523 -0.013758 -0.682392 0.009809 -0.487411 -0.873118 89.817398
-0.013132 -0.897049 0.441737 -1.435849 -0.999865 0.007399 -0.014698 -0.685457 0.009916 -0.441870 -0.897025 89.961746
-0.010436 -0.916778 0.399261 -1.071298 -0.999940 0.008215 -0.007273 -0.693956 0.003388 -0.399312 -0.916809 90.076927
-0.002844 -0.932886 0.360160 -0.690640 -0.999953 0.006009 0.007668 -0.697952 -0.009317 -0.360121 -0.932859 90.165794
0.000671 -0.945772 0.324831 -0.312399 -0.999922 0.003424 0.012034 -0.698994 -0.012493 -0.324814 -0.945696 90.259178
-0.003281 -0.956468 0.291819 0.071367 -0.999938 0.006250 0.009243 -0.704111 -0.010665 -0.291771 -0.956429 90.356560
-0.011042 -0.965319 0.260839 0.445101 -0.999938 0.010957 -0.001778 -0.717739 -0.001142 -0.260842 -0.965381 90.449036
-0.015081 -0.972409 0.232795 0.831606 -0.999882 0.013957 -0.006475 -0.736098 0.003047 -0.232865 -0.972504 90.529449
-0.016752 -0.978092 0.207496 1.228442 -0.999858 0.015966 -0.005464 -0.750514 0.002032 -0.207558 -0.978221 90.591507
-0.018293 -0.982766 0.183948 1.652180 -0.999820 0.018909 0.001595 -0.760005 -0.005046 -0.183886 -0.982935 90.651733
-0.024578 -0.986180 0.163845 2.077927 -0.999616 0.026341 0.008599 -0.759828 -0.012796 -0.163570 -0.986449 90.700691
-0.031452 -0.988985 0.144634 2.505593 -0.999392 0.033297 0.010353 -0.758675 -0.015055 -0.144220 -0.989431 90.741226
-0.032133 -0.991410 0.126781 2.966395 -0.999419 0.033317 0.007229 -0.777570 -0.011391 -0.126475 -0.991905 90.804871
-0.027784 -0.993390 0.111372 3.433374 -0.999580 0.028533 0.005138 -0.799767 -0.008282 -0.111182 -0.993766 90.851746
-0.024392 -0.994976 0.097094 3.905626 -0.999668 0.025084 0.005916 -0.818141 -0.008322 -0.096917 -0.995258 90.886887
-0.021802 -0.996265 0.083555 4.394760 -0.999718 0.022514 0.007584 -0.842029 -0.009437 -0.083366 -0.996474 90.918205
-0.020863 -0.997173 0.072187 4.909244 -0.999693 0.021771 0.011813 -0.857320 -0.013351 -0.071919 -0.997321 90.942421
-0.021195 -0.997819 0.062518 5.435757 -0.999634 0.022201 0.015449 -0.873515 -0.016803 -0.062168 -0.997924 90.960526
-0.021539 -0.998288 0.054376 5.972703 -0.999597 0.022510 0.017318 -0.891871 -0.018512 -0.053981 -0.998370 90.981552
-0.021903 -0.998576 0.048651 6.532527 -0.999569 0.022825 0.018476 -0.905445 -0.019560 -0.048226 -0.998645 91.004326
-0.023010 -0.998813 0.042931 7.104102 -0.999519 0.023877 0.019789 -0.919364 -0.020791 -0.042455 -0.998882 91.027519
-0.023612 -0.999040 0.036914 7.705511 -0.999509 0.024351 0.019716 -0.937410 -0.020596 -0.036430 -0.999124 91.048088
-0.023642 -0.999182 0.032822 8.319692 -0.999444 0.024396 0.022741 -0.950618 -0.023523 -0.032266 -0.999202 91.051277
-0.023504 -0.999274 0.029976 8.963572 -0.999424 0.024220 0.023756 -0.971129 -0.024465 -0.029400 -0.999268 91.066673
-0.023136 -0.999356 0.027416 9.616781 -0.999391 0.023836 0.025476 -0.989026 -0.026113 -0.026810 -0.999300 91.075447
-0.022738 -0.999444 0.024395 10.305858 -0.999374 0.023384 0.026564 -1.005897 -0.027120 -0.023776 -0.999349 91.109695
-0.022420 -0.999465 0.023798 11.003709 -0.999244 0.023158 0.031216 -1.026627 -0.031750 -0.023080 -0.999229 91.117752
-0.022019 -0.999447 0.024923 11.711841 -0.999129 0.022882 0.034900 -1.046230 -0.035451 -0.024133 -0.999080 91.123222
-0.022155 -0.999390 0.026984 12.441714 -0.999084 0.023120 0.036000 -1.066477 -0.036602 -0.026162 -0.998988 91.146606
-0.021924 -0.999278 0.031020 13.205265 -0.998985 0.023118 0.038656 -1.091661 -0.039346 -0.030141 -0.998771 91.160416
-0.021777 -0.999140 0.035297 13.957088 -0.998975 0.023148 0.038910 -1.109656 -0.039693 -0.034414 -0.998619 91.185417
-0.020065 -0.999045 0.038806 14.763676 -0.998938 0.021643 0.040682 -1.132448 -0.041483 -0.037948 -0.998418 91.237518
-0.018582 -0.998905 0.042927 15.546293 -0.998966 0.020331 0.040670 -1.151263 -0.041499 -0.042127 -0.998250 91.273026
-0.016542 -0.998732 0.047549 16.367983 -0.999134 0.018326 0.037353 -1.169585 -0.038177 -0.046890 -0.998170 91.309113
-0.015641 -0.998544 0.051624 17.194956 -0.999163 0.017561 0.036952 -1.182118 -0.037805 -0.051003 -0.997983 91.361000
-0.016165 -0.998309 0.055829 18.015835 -0.999267 0.018069 0.033756 -1.216756 -0.034708 -0.055243 -0.997869 91.408653
-0.020164 -0.998077 0.058619 18.852972 -0.999240 0.022074 0.032131 -1.239784 -0.033363 -0.057927 -0.997763 91.476326
-0.025344 -0.997883 0.059892 19.683987 -0.999292 0.026956 0.026254 -1.265648 -0.027813 -0.059184 -0.997859 91.531662
-0.028242 -0.997833 0.059429 20.523849 -0.999282 0.029685 0.023540 -1.297578 -0.025254 -0.058722 -0.997955 91.593254
-0.028374 -0.997872 0.058717 21.366842 -0.999331 0.029674 0.021386 -1.325320 -0.023082 -0.058071 -0.998046 91.653023
-0.026345 -0.997968 0.058020 22.216187 -0.999438 0.027498 0.019154 -1.366263 -0.020710 -0.057483 -0.998132 91.714737
-0.025431 -0.997973 0.058338 23.054356 -0.999441 0.026648 0.020176 -1.394988 -0.021689 -0.057792 -0.998093 91.756523
-0.024955 -0.997878 0.060137 23.902992 -0.999510 0.026042 0.017352 -1.433733 -0.018881 -0.059674 -0.998039 91.812599
-0.025257 -0.997852 0.060444 24.744951 -0.999532 0.026252 0.015735 -1.468984 -0.017288 -0.060018 -0.998048 91.870880
-0.026127 -0.997842 0.060235 25.594585 -0.999549 0.026969 0.013212 -1.497032 -0.014808 -0.059862 -0.998097 91.946404
-0.027145 -0.997886 0.059047 26.423738 -0.999557 0.027819 0.010624 -1.531342 -0.012244 -0.058733 -0.998199 91.994072
-0.026240 -0.998110 0.055568 27.245539 -0.999622 0.026653 0.006705 -1.568488 -0.008174 -0.055371 -0.998432 92.046356
-0.024419 -0.998416 0.050695 28.079424 -0.999686 0.024677 0.004469 -1.599717 -0.005713 -0.050570 -0.998704 92.095192
-0.022009 -0.998721 0.045507 28.912405 -0.999751 0.022155 0.002691 -1.630933 -0.003696 -0.045437 -0.998960 92.142647
-0.020523 -0.998999 0.039752 29.746468 -0.999788 0.020567 0.000691 -1.655385 -0.001508 -0.039730 -0.999210 92.186897
-0.021246 -0.999206 0.033707 30.568918 -0.999774 0.021262 0.000122 -1.683629 -0.000838 -0.033696 -0.999432 92.213394
-0.022347 -0.999436 0.025083 31.392948 -0.999750 0.022350 -0.000132 -1.713976 -0.000429 -0.025080 -0.999686 92.235718
-0.022414 -0.999629 0.015485 32.215668 -0.999749 0.022418 0.000122 -1.741250 -0.000469 -0.015478 -0.999880 92.246956
-0.020176 -0.999783 0.005189 33.027344 -0.999796 0.020182 0.001164 -1.774889 -0.001268 -0.005165 -0.999986 92.253792
-0.019071 -0.999804 -0.005245 33.839088 -0.999818 0.019070 0.000130 -1.805502 -0.000030 0.005247 -0.999986 92.243744
-0.018211 -0.999701 -0.016338 34.648727 -0.999834 0.018195 0.001123 -1.835608 -0.000825 0.016356 -0.999866 92.230247
-0.018999 -0.999438 -0.027627 35.453903 -0.999819 0.018957 0.001793 -1.857371 -0.001268 0.027656 -0.999617 92.209167
-0.019688 -0.999048 -0.038940 36.255928 -0.999805 0.019619 0.002139 -1.876984 -0.001373 0.038974 -0.999239 92.179245
-0.020674 -0.998569 -0.049329 37.046150 -0.999786 0.020618 0.001641 -1.908515 -0.000622 0.049353 -0.998781 92.135376
-0.021609 -0.997989 -0.059583 37.815052 -0.999766 0.021497 0.002523 -1.942552 -0.001237 0.059624 -0.998220 92.089622
-0.022235 -0.997372 -0.068961 38.599754 -0.999750 0.022017 0.003911 -1.969525 -0.002383 0.069030 -0.997612 92.037697
-0.022789 -0.996630 -0.078803 39.378716 -0.999737 0.022527 0.004211 -1.996450 -0.002422 0.078878 -0.996881 91.978935
-0.023000 -0.995838 -0.088190 40.142097 -0.999733 0.022699 0.004419 -2.032258 -0.002399 0.088268 -0.996094 91.908035
-0.022931 -0.995042 -0.096777 40.903908 -0.999726 0.022369 0.006882 -2.048081 -0.004683 0.096908 -0.995283 91.833824
-0.021462 -0.994372 -0.103747 41.617325 -0.999755 0.020779 0.007653 -2.087096 -0.005454 0.103885 -0.994574 91.739235
-0.019790 -0.993827 -0.109165 42.367477 -0.999773 0.018810 0.010000 -2.117105 -0.007885 0.109338 -0.993973 91.659447
-0.018385 -0.993445 -0.112825 43.097347 -0.999764 0.016962 0.013557 -2.136911 -0.011554 0.113047 -0.993523 91.581154
-0.017152 -0.993161 -0.115486 43.816101 -0.999770 0.015548 0.014771 -2.166631 -0.012874 0.115713 -0.993200 91.491173
-0.016116 -0.992975 -0.117220 44.507843 -0.999787 0.014495 0.014670 -2.192699 -0.012868 0.117431 -0.992998 91.406868
-0.016161 -0.992885 -0.117976 45.175514 -0.999775 0.014427 0.015537 -2.218107 -0.013725 0.118201 -0.992895 91.319672
-0.017127 -0.992935 -0.117415 45.884338 -0.999755 0.015356 0.015966 -2.240277 -0.014051 0.117659 -0.992955 91.250153
-0.018469 -0.993275 -0.114296 46.518120 -0.999719 0.016646 0.016889 -2.268842 -0.014873 0.114576 -0.993303 91.168518
-0.019053 -0.993844 -0.109139 47.158070 -0.999713 0.017349 0.016542 -2.287451 -0.014547 0.109422 -0.993889 91.105537
-0.019920 -0.994716 -0.100710 47.774876 -0.999695 0.018347 0.016525 -2.307056 -0.014590 0.101009 -0.994779 91.043320
-0.019985 -0.995789 -0.089475 48.384342 -0.999711 0.018704 0.015136 -2.331655 -0.013399 0.089751 -0.995874 91.002266
-0.019882 -0.996902 -0.076104 48.959587 -0.999724 0.018870 0.013991 -2.356783 -0.012512 0.076361 -0.997002 90.977348
-0.020717 -0.998037 -0.059108 49.511303 -0.999726 0.020032 0.012160 -2.388377 -0.010952 0.059344 -0.998178 90.961830
-0.023306 -0.999015 -0.037770 50.074589 -0.999676 0.022902 0.011079 -2.408990 -0.010203 0.038016 -0.999225 90.951576
-0.026292 -0.999567 -0.013241 50.599243 -0.999619 0.026177 0.008770 -2.430344 -0.008419 0.013466 -0.999874 90.962929
-0.028326 -0.999485 0.015048 51.124138 -0.999567 0.028443 0.007568 -2.448746 -0.007992 -0.014827 -0.999858 90.988525
-0.027772 -0.998451 0.048218 51.648186 -0.999596 0.028034 0.004779 -2.474748 -0.006124 -0.048066 -0.998826 91.032829
-0.025094 -0.995949 0.086346 52.182274 -0.999665 0.025554 0.004229 -2.496447 -0.006418 -0.086211 -0.996256 91.103745
-0.021536 -0.991440 0.128774 52.699837 -0.999750 0.022123 0.003131 -2.513879 -0.005953 -0.128674 -0.991669 91.190720
-0.016738 -0.984492 0.174629 53.198326 -0.999852 0.017194 0.001102 -2.536499 -0.004087 -0.174585 -0.984634 91.299797
-0.013188 -0.974729 0.223003 53.689911 -0.999913 0.012637 -0.003896 -2.558458 0.000980 -0.223035 -0.974810 91.444580
-0.011640 -0.961361 0.275046 54.170971 -0.999925 0.010149 -0.006843 -2.570459 0.003787 -0.275105 -0.961407 91.608330
-0.011742 -0.944002 0.329730 54.657963 -0.999924 0.009839 -0.007441 -2.578115 0.003780 -0.329793 -0.944046 91.805283
-0.012121 -0.921731 0.387641 55.109016 -0.999927 0.011129 -0.004805 -2.592005 0.000115 -0.387671 -0.921798 92.028496
-0.015121 -0.894214 0.447384 55.536877 -0.999880 0.015100 -0.003614 -2.608347 -0.003524 -0.447385 -0.894335 92.280960
-0.018679 -0.861935 0.506675 55.937504 -0.999790 0.020357 -0.002227 -2.619021 -0.008395 -0.506610 -0.862135 92.558899
-0.022499 -0.824849 0.564905 56.309101 -0.999706 0.023651 -0.005281 -2.629909 -0.009004 -0.564858 -0.825139 92.861572
-0.024296 -0.783330 0.621131 56.671749 -0.999660 0.024943 -0.007645 -2.652489 -0.009504 -0.621105 -0.783669 93.193794
-0.024074 -0.738133 0.674225 57.006008 -0.999648 0.025320 -0.007973 -2.675241 -0.011186 -0.674180 -0.738483 93.544991
-0.021953 -0.690186 0.723299 57.315228 -0.999684 0.024048 -0.007395 -2.686633 -0.012290 -0.723233 -0.690495 93.917961
-0.019002 -0.639454 0.768595 57.591427 -0.999783 0.018695 -0.009164 -2.695061 -0.008508 -0.768602 -0.639671 94.311455
-0.013128 -0.586237 0.810033 57.828602 -0.999905 0.011111 -0.008164 -2.706444 -0.004215 -0.810063 -0.586328 94.704544
-0.011576 -0.532463 0.846374 58.036674 -0.999932 0.004831 -0.010637 -2.713465 0.001575 -0.846439 -0.532483 95.125938
-0.007980 -0.479320 0.877604 58.231712 -0.999942 -0.002512 -0.010464 -2.717524 0.007220 -0.877637 -0.479272 95.567726
-0.008087 -0.429312 0.903120 58.387913 -0.999879 -0.008528 -0.013008 -2.730767 0.013286 -0.903116 -0.429191 96.000443
-0.009624 -0.383497 0.923492 58.536705 -0.999805 -0.012223 -0.015495 -2.740039 0.017230 -0.923461 -0.383305 96.448479
-0.015772 -0.343962 0.938851 58.658333 -0.999640 -0.014942 -0.022267 -2.738652 0.021687 -0.938865 -0.343603 96.910881
-0.019702 -0.309013 0.950854 58.769279 -0.999584 -0.013965 -0.025250 -2.735713 0.021081 -0.950955 -0.308609 97.377419
-0.021403 -0.278180 0.960291 58.887959 -0.999550 -0.014256 -0.026407 -2.734846 0.021036 -0.960423 -0.277749 97.834709
-0.016050 -0.256453 0.966423 58.999699 -0.999686 -0.014489 -0.020447 -2.733021 0.019246 -0.966448 -0.256140 98.321068
-0.012894 -0.240755 0.970500 59.119400 -0.999738 -0.015274 -0.017071 -2.736005 0.018933 -0.970466 -0.240495 98.804886
-0.018195 -0.228591 0.973352 59.210060 -0.999639 -0.015097 -0.022232 -2.738598 0.019777 -0.973405 -0.228234 99.312042
-0.023173 -0.218736 0.975509 59.308338 -0.999511 -0.015436 -0.027204 -2.726525 0.021008 -0.975662 -0.218271 99.851242
-0.030976 -0.212844 0.976595 59.406910 -0.999295 -0.014136 -0.034777 -2.718211 0.021208 -0.976984 -0.212255 100.369354
-0.037615 -0.209866 0.977007 59.507877 -0.999109 -0.010856 -0.040798 -2.724645 0.019168 -0.977670 -0.209270 100.900925
-0.038811 -0.209285 0.977084 59.616306 -0.999104 -0.008386 -0.041482 -2.725880 0.016875 -0.977819 -0.208772 101.450272
-0.037680 -0.211639 0.976622 59.739941 -0.999200 -0.005114 -0.039659 -2.730576 0.013388 -0.977335 -0.211277 102.004791
-0.035936 -0.215704 0.975797 59.863762 -0.999334 0.001523 -0.036466 -2.722272 0.006379 -0.976458 -0.215615 102.557449
-0.036083 -0.219683 0.974904 59.988041 -0.999347 0.006100 -0.035613 -2.721104 0.001876 -0.975552 -0.219760 103.122726
-0.041094 -0.224050 0.973711 60.114223 -0.999149 0.005787 -0.040836 -2.721597 0.003515 -0.974560 -0.224097 103.711922
-0.044363 -0.229971 0.972186 60.239414 -0.998976 0.001594 -0.045208 -2.724917 0.008847 -0.973196 -0.229806 104.308441
-0.041662 -0.234552 0.971210 60.394634 -0.999041 -0.003326 -0.043659 -2.736072 0.013470 -0.972098 -0.234188 104.923462
-0.036673 -0.238268 0.970507 60.555851 -0.999156 -0.009224 -0.040020 -2.742311 0.018487 -0.971156 -0.237729 105.549828
-0.034435 -0.241912 0.969687 60.716190 -0.999146 -0.013841 -0.038934 -2.739749 0.022840 -0.970200 -0.241228 106.186943
-0.029854 -0.244718 0.969135 60.881992 -0.999299 -0.014610 -0.034472 -2.739520 0.022595 -0.969484 -0.244110 106.832596
-0.026809 -0.245186 0.969105 61.054264 -0.999464 -0.011626 -0.030590 -2.741341 0.018767 -0.969406 -0.244743 107.489166
-0.025636 -0.244789 0.969237 61.215141 -0.999606 -0.004777 -0.027646 -2.745531 0.011397 -0.969565 -0.244570 108.158180
-0.028483 -0.244074 0.969338 61.374020 -0.999581 0.001879 -0.028898 -2.741451 0.005232 -0.969755 -0.244025 108.827095
-0.031186 -0.241429 0.969917 61.548519 -0.999511 0.005439 -0.030784 -2.745726 0.002157 -0.970403 -0.241481 109.536972
-0.029559 -0.239063 0.970554 61.715221 -0.999545 0.001180 -0.030151 -2.743026 0.006062 -0.971003 -0.238989 110.241035
-0.024659 -0.237311 0.971121 61.902718 -0.999612 -0.006770 -0.027036 -2.752201 0.012990 -0.971410 -0.237052 110.976234
-0.024535 -0.234797 0.971735 62.073631 -0.999519 -0.012711 -0.028307 -2.757614 0.018998 -0.971961 -0.234372 111.702408
-0.028217 -0.233169 0.972027 62.242088 -0.999415 -0.012225 -0.031945 -2.763053 0.019332 -0.972360 -0.232688 112.460068
-0.034388 -0.231159 0.972308 62.402145 -0.999280 -0.007643 -0.037159 -2.759834 0.016021 -0.972886 -0.230730 113.210220
-0.034462 -0.226868 0.973316 62.589218 -0.999352 -0.002280 -0.035915 -2.754423 0.010367 -0.973923 -0.226642 113.964035
-0.033998 -0.222738 0.974285 62.770443 -0.999395 0.000403 -0.034782 -2.757877 0.007354 -0.974878 -0.222617 114.743073
-0.031144 -0.218817 0.975269 62.956318 -0.999483 -0.000922 -0.032124 -2.749564 0.007929 -0.975766 -0.218675 115.570427
-0.027247 -0.215530 0.976117 63.122608 -0.999585 -0.003215 -0.028612 -2.756485 0.009305 -0.976492 -0.215353 116.363373
-0.026151 -0.214162 0.976448 63.298969 -0.999587 -0.006010 -0.028089 -2.762720 0.011884 -0.976780 -0.213916 117.235931
-0.022702 -0.212976 0.976794 63.474682 -0.999651 -0.008368 -0.025058 -2.765293 0.013511 -0.977022 -0.212711 118.057083
-0.017624 -0.212563 0.976988 63.655460 -0.999749 -0.009804 -0.020167 -2.765219 0.013866 -0.977098 -0.212337 118.900978
-0.018713 -0.211771 0.977140 63.836845 -0.999698 -0.011584 -0.021655 -2.768661 0.015905 -0.977251 -0.211490 119.730988
-0.024234 -0.211942 0.976982 64.015663 -0.999590 -0.009760 -0.026912 -2.769697 0.015239 -0.977233 -0.211619 120.545410
-0.029599 -0.212367 0.976742 64.191833 -0.999474 -0.006645 -0.031732 -2.770195 0.013230 -0.977167 -0.212059 121.397926
-0.039159 -0.213276 0.976207 64.356781 -0.999139 -0.005049 -0.041181 -2.763476 0.013711 -0.976979 -0.212895 122.225525
-0.044704 -0.216543 0.975249 64.524185 -0.998876 -0.005701 -0.047053 -2.762201 0.015749 -0.976256 -0.216045 123.102997
-0.047429 -0.219684 0.974417 64.697304 -0.998700 -0.007814 -0.050373 -2.768442 0.018680 -0.975540 -0.219028 123.963356
-0.048852 -0.222192 0.973778 64.882820 -0.998641 -0.006867 -0.051666 -2.770006 0.018167 -0.974979 -0.221555 124.821571
-0.047606 -0.224382 0.973338 65.070160 -0.998746 -0.004408 -0.049865 -2.781863 0.015479 -0.974491 -0.223891 125.680161
-0.041342 -0.225397 0.973390 65.274002 -0.999022 -0.005943 -0.043807 -2.787565 0.015659 -0.974249 -0.224931 126.523331
-0.034343 -0.225361 0.973670 65.485031 -0.999331 -0.004552 -0.036302 -2.792820 0.012613 -0.974265 -0.225054 127.380661
-0.033014 -0.226609 0.973426 65.687698 -0.999379 -0.004482 -0.034937 -2.793534 0.012280 -0.973976 -0.226320 128.216415
-0.036575 -0.228242 0.972917 65.878838 -0.999194 -0.007783 -0.039388 -2.805533 0.016562 -0.973573 -0.227774 129.090088
-0.038645 -0.229669 0.972501 66.064880 -0.998990 -0.013447 -0.042873 -2.805001 0.022923 -0.973176 -0.228918 129.947937
-0.041889 -0.230668 0.972130 66.267708 -0.998727 -0.017687 -0.047231 -2.811075 0.028088 -0.972872 -0.229634 130.852829
-0.041295 -0.231752 0.971898 66.462219 -0.998914 -0.011423 -0.045167 -2.815001 0.021569 -0.972708 -0.231029 131.684845
-0.036990 -0.231358 0.972165 66.666595 -0.999298 0.002861 -0.037342 -2.821432 0.005858 -0.972865 -0.231301 132.522537
-0.034664 -0.230564 0.972440 66.871017 -0.999392 0.011724 -0.032845 -2.828000 -0.003828 -0.972987 -0.230830 133.360321
-0.032348 -0.229772 0.972707 67.070625 -0.999465 0.002706 -0.032598 -2.829804 0.004858 -0.973241 -0.229736 134.206619
-0.025595 -0.228776 0.973143 67.271095 -0.999367 -0.018227 -0.030570 -2.836485 0.024731 -0.973309 -0.228165 135.053299
-0.021630 -0.228220 0.973369 67.456505 -0.998986 -0.033506 -0.030055 -2.843695 0.039473 -0.973033 -0.227264 135.928589
-0.026215 -0.227789 0.973358 67.635002 -0.999052 -0.027896 -0.033435 -2.838678 0.034769 -0.973311 -0.226841 136.757339
-0.034352 -0.225751 0.973579 67.813423 -0.999209 -0.011777 -0.037987 -2.824659 0.020041 -0.974114 -0.225168 137.583221
-0.034665 -0.224653 0.973822 68.000320 -0.999322 -0.004282 -0.036560 -2.822592 0.012383 -0.974429 -0.224352 138.432312
-0.030586 -0.222677 0.974412 68.185501 -0.999473 -0.003766 -0.032233 -2.830268 0.010847 -0.974885 -0.222445 139.263016
-0.030004 -0.219773 0.975090 68.377098 -0.999473 -0.005459 -0.031984 -2.839498 0.012352 -0.975536 -0.219494 140.090042
-0.029658 -0.216599 0.975810 68.544495 -0.999501 -0.004217 -0.031314 -2.842226 0.010897 -0.976252 -0.216366 140.910355
-0.031272 -0.211381 0.976903 68.720497 -0.999464 -0.002829 -0.032607 -2.850350 0.009656 -0.977400 -0.211180 141.719849
-0.036290 -0.208443 0.977361 68.881584 -0.999281 -0.003158 -0.037778 -2.864750 0.010961 -0.978029 -0.208178 142.547012
-0.042932 -0.206477 0.977509 69.038643 -0.999008 -0.002692 -0.044445 -2.862561 0.011808 -0.978448 -0.206156 143.355865
-0.044614 -0.204783 0.977790 69.195488 -0.998906 -0.004619 -0.046545 -2.867572 0.014048 -0.978797 -0.204352 144.171280
-0.042309 -0.203355 0.978190 69.372757 -0.998933 -0.009517 -0.045185 -2.872152 0.018498 -0.979059 -0.202736 144.997543
-0.041175 -0.202007 0.978518 69.535194 -0.998981 -0.009814 -0.044062 -2.884473 0.018503 -0.979335 -0.201397 145.816132
-0.039458 -0.199579 0.979087 69.690102 -0.999106 -0.006993 -0.041690 -2.892429 0.015168 -0.979857 -0.199124 146.617737
-0.034741 -0.194929 0.980202 69.847908 -0.999347 -0.002930 -0.036002 -2.889797 0.009890 -0.980813 -0.194700 147.446152
-0.031909 -0.188598 0.981536 69.996216 -0.999457 -0.001991 -0.032874 -2.895056 0.008154 -0.982052 -0.188432 148.263596
-0.030169 -0.182184 0.982801 70.143280 -0.999456 -0.007621 -0.032093 -2.904308 0.013337 -0.983235 -0.181855 149.098297
-0.027392 -0.176064 0.983998 70.297203 -0.999394 -0.016337 -0.030744 -2.915268 0.021488 -0.984243 -0.175510 149.925888
-0.024187 -0.172796 0.984661 70.427589 -0.999244 -0.025803 -0.029073 -2.911960 0.030431 -0.984620 -0.172041 150.763535
-0.030827 -0.168575 0.985207 70.557175 -0.998935 -0.028672 -0.036162 -2.906151 0.034343 -0.985272 -0.167512 151.594849
-0.034253 -0.164009 0.985864 70.677078 -0.998953 -0.024316 -0.038753 -2.901001 0.030328 -0.986159 -0.163004 152.409744
-0.035207 -0.156654 0.987026 70.799835 -0.999185 -0.014014 -0.037865 -2.890947 0.019764 -0.987554 -0.156033 153.214203
-0.032371 -0.150316 0.988108 70.919434 -0.999380 -0.008848 -0.034086 -2.887396 0.013866 -0.988599 -0.149937 154.020218
-0.031403 -0.143670 0.989127 71.030075 -0.999398 -0.010084 -0.033194 -2.883589 0.014743 -0.989574 -0.143267 154.838379
-0.037913 -0.135977 0.989986 71.127548 -0.999103 -0.013551 -0.040123 -2.882821 0.018872 -0.990619 -0.135342 155.667038
-0.043700 -0.128109 0.990797 71.212860 -0.998882 -0.012280 -0.045644 -2.883927 0.018014 -0.991684 -0.127429 156.491943
-0.045889 -0.117775 0.991979 71.307442 -0.998872 -0.006698 -0.047004 -2.881753 0.012180 -0.993018 -0.117335 157.325073
-0.044928 -0.109207 0.993003 71.400360 -0.998947 -0.004372 -0.045678 -2.878458 0.009329 -0.994009 -0.108895 158.162033
-0.045228 -0.101147 0.993843 71.479164 -0.998906 -0.007262 -0.046198 -2.874208 0.011890 -0.994845 -0.100708 159.004120
-0.047593 -0.093561 0.994475 71.545052 -0.998688 -0.014389 -0.049148 -2.873041 0.018907 -0.995510 -0.092753 159.858780
-0.050946 -0.085576 0.995028 71.601562 -0.998395 -0.020308 -0.052865 -2.869054 0.024731 -0.996125 -0.084404 160.704422
-0.049708 -0.077996 0.995714 71.661613 -0.998378 -0.023820 -0.051707 -2.861349 0.027751 -0.996669 -0.076685 161.552856
-0.050659 -0.071861 0.996127 71.712112 -0.998271 -0.026117 -0.052652 -2.853661 0.029799 -0.997073 -0.070414 162.394592
-0.049520 -0.067351 0.996500 71.765762 -0.998383 -0.024558 -0.051273 -2.846298 0.027926 -0.997427 -0.066026 163.234192
-0.053882 -0.062560 0.996586 71.812401 -0.998291 -0.019259 -0.055183 -2.838484 0.022646 -0.997855 -0.061415 164.072556
-0.059350 -0.058555 0.996518 71.848343 -0.998108 -0.012565 -0.060183 -2.826378 0.016045 -0.998205 -0.057698 164.910187
-0.060765 -0.055501 0.996608 71.884392 -0.998058 -0.010340 -0.061429 -2.818608 0.013714 -0.998405 -0.054765 165.746292
-0.062699 -0.052308 0.996661 71.921341 -0.997834 -0.016644 -0.063646 -2.819893 0.019917 -0.998492 -0.051151 166.584595
-0.065322 -0.050742 0.996573 71.950745 -0.997398 -0.027213 -0.066762 -2.811944 0.030508 -0.998341 -0.048832 167.427002
-0.064943 -0.047216 0.996771 71.982300 -0.997186 -0.034407 -0.066600 -2.794203 0.037440 -0.998292 -0.044849 168.296173
-0.061694 -0.042561 0.997187 72.005257 -0.997517 -0.031387 -0.063054 -2.784217 0.033982 -0.998601 -0.040519 169.137283
-0.049486 -0.036221 0.998118 72.053314 -0.998503 -0.021518 -0.050286 -2.772402 0.023298 -0.999112 -0.035102 169.960419
-0.047382 -0.029326 0.998446 72.066666 -0.998713 -0.016732 -0.047886 -2.750980 0.018110 -0.999430 -0.028496 170.807556
-0.050817 -0.022452 0.998456 72.076149 -0.998513 -0.018628 -0.051239 -2.747908 0.019749 -0.999574 -0.021472 171.631805
-0.049176 -0.015068 0.998676 72.078056 -0.998457 -0.025100 -0.049544 -2.739337 0.025813 -0.999571 -0.013810 172.486908
-0.043766 -0.007836 0.999011 72.087044 -0.998610 -0.029059 -0.043976 -2.737885 0.029375 -0.999547 -0.006553 173.332047
-0.034432 -0.001977 0.999405 72.095741 -0.998858 -0.033061 -0.034478 -2.713834 0.033110 -0.999451 -0.000836 174.176788
-0.030249 0.004059 0.999534 72.087372 -0.998998 -0.033114 -0.030099 -2.699919 0.032977 -0.999443 0.005056 175.040680
-0.027363 0.010502 0.999570 72.080498 -0.999281 -0.026526 -0.027076 -2.694961 0.026230 -0.999593 0.011220 175.878525
-0.017816 0.018176 0.999676 72.069405 -0.999710 -0.016527 -0.017516 -2.680822 0.016204 -0.999698 0.018465 176.728409
-0.007738 0.024961 0.999658 72.061165 -0.999892 -0.012717 -0.007422 -2.672137 0.012527 -0.999608 0.025056 177.573776
-0.011097 0.031240 0.999450 72.019691 -0.999745 -0.019993 -0.010475 -2.656217 0.019655 -0.999312 0.031454 178.456253
-0.021988 0.036036 0.999109 71.964897 -0.999233 -0.033180 -0.020794 -2.639038 0.032401 -0.998800 0.036738 179.326462
-0.027361 0.040631 0.998800 71.918663 -0.998818 -0.041262 -0.025683 -2.635710 0.040169 -0.998322 0.041712 180.184525
-0.026521 0.044254 0.998668 71.866379 -0.998953 -0.038437 -0.024826 -2.619158 0.037287 -0.998281 0.045227 181.060028
-0.028627 0.046283 0.998518 71.813889 -0.999244 -0.027600 -0.027368 -2.595692 0.026293 -0.998547 0.047038 181.909027
-0.038673 0.049378 0.998031 71.755104 -0.999116 -0.018415 -0.037804 -2.575922 0.016512 -0.998610 0.050047 182.747101
-0.037073 0.051502 0.997985 71.700027 -0.999227 -0.014995 -0.036345 -2.566614 0.013093 -0.998560 0.052018 183.610077
-0.031609 0.054050 0.998038 71.659767 -0.999334 -0.019909 -0.030571 -2.560054 0.018217 -0.998340 0.054644 184.471466
-0.031794 0.054027 0.998033 71.609726 -0.999127 -0.028791 -0.030270 -2.546208 0.027099 -0.998124 0.054895 185.363083
-0.033431 0.053686 0.997998 71.550674 -0.998912 -0.034286 -0.031618 -2.531246 0.032520 -0.997969 0.054773 186.243271
-0.033965 0.055412 0.997886 71.496033 -0.998913 -0.033784 -0.032124 -2.523700 0.031933 -0.997892 0.056499 187.117615
-0.030616 0.057751 0.997862 71.439514 -0.999270 -0.024606 -0.029235 -2.506253 0.022865 -0.998028 0.058462 187.980453
-0.020092 0.060091 0.997991 71.397133 -0.999724 -0.013324 -0.019324 -2.502706 0.012136 -0.998104 0.060342 188.851639
-0.009273 0.062508 0.998001 71.357651 -0.999922 -0.008941 -0.008731 -2.490583 0.008377 -0.998004 0.062586 189.730652
-0.011435 0.063345 0.997926 71.289162 -0.999851 -0.013660 -0.010590 -2.484013 0.012961 -0.997898 0.063492 190.614273
-0.017324 0.064408 0.997773 71.221428 -0.999571 -0.024683 -0.015762 -2.483202 0.023613 -0.997618 0.064808 191.479340
-0.018183 0.066015 0.997653 71.160149 -0.999464 -0.028355 -0.016340 -2.479599 0.027210 -0.997416 0.066495 192.343887
-0.016807 0.066937 0.997616 71.100166 -0.999586 -0.024444 -0.015200 -2.468866 0.023368 -0.997458 0.067320 193.193192
-0.017214 0.066736 0.997622 71.036980 -0.999703 -0.018366 -0.016021 -2.457525 0.017253 -0.997602 0.067032 194.046814
-0.024249 0.067197 0.997445 70.963264 -0.999568 -0.018237 -0.023072 -2.449428 0.016640 -0.997573 0.067610 194.898605
-0.026519 0.067393 0.997374 70.894920 -0.999457 -0.021283 -0.025136 -2.444980 0.019533 -0.997500 0.067921 195.749496
