0.000000 0.000000 1.000000 0.000000 -1.000000 0.000000 0.000000 0.000000 0.000000 -1.000000 0.000000 0.000000
-0.000460 -0.001446 0.999999 -0.006104 -0.999990 0.004559 -0.000454 0.002097 -0.004559 -0.999989 -0.001448 0.977625
0.001580 -0.001503 0.999998 0.015840 -0.999982 0.005727 0.001589 0.014842 -0.005729 -0.999982 -0.001493 1.980595
0.003105 -0.001591 0.999994 0.013344 -0.999994 0.001670 0.003108 0.010294 -0.001675 -0.999997 -0.001586 2.973249
0.005763 -0.000017 0.999983 0.035905 -0.999974 -0.004354 0.005763 0.009128 0.004354 -0.999991 -0.000042 3.976749
0.008860 0.001121 0.999960 0.034792 -0.999953 -0.004019 0.008864 0.019001 0.004029 -0.999991 0.001085 4.979046
0.011667 0.001181 0.999931 0.006974 -0.999931 -0.001273 0.011668 0.021445 0.001287 -0.999998 0.001166 5.952903
0.012065 0.002011 0.999925 0.000359 -0.999925 0.001986 0.012061 0.019616 -0.001961 -0.999996 0.002035 6.921632
0.011759 0.003050 0.999926 -0.001255 -0.999928 0.002355 0.011752 0.012576 -0.002319 -0.999993 0.003078 7.878900
0.011453 0.003865 0.999927 -0.012392 -0.999934 0.000336 0.011452 0.009894 -0.000292 -0.999992 0.003869 8.830972
0.010854 0.004715 0.999930 -0.014249 -0.999939 -0.002188 0.010864 0.019166 0.002239 -0.999987 0.004691 9.796647
0.011140 0.004712 0.999927 -0.044437 -0.999931 -0.003575 0.011157 0.019838 0.003627 -0.999983 0.004672 10.751561
0.012822 0.004970 0.999905 -0.062733 -0.999908 -0.004384 0.012843 0.025554 0.004448 -0.999978 0.004913 11.696295
0.012821 0.005553 0.999902 -0.076422 -0.999908 -0.004273 0.012844 0.029862 0.004344 -0.999975 0.005498 12.644422
0.013198 0.006254 0.999893 -0.088721 -0.999908 -0.002929 0.013216 0.030181 0.003011 -0.999976 0.006214 13.572033
0.013436 0.007925 0.999878 -0.093479 -0.999909 -0.000950 0.013444 0.033218 0.001057 -0.999968 0.007911 14.504700
0.014890 0.009058 0.999848 -0.112957 -0.999889 0.000367 0.014887 0.034553 -0.000232 -0.999959 0.009063 15.431968
0.014627 0.010738 0.999835 -0.125470 -0.999893 0.001081 0.014617 0.033465 -0.000924 -0.999942 0.010752 16.355759
0.013272 0.012326 0.999836 -0.139447 -0.999910 0.001880 0.013250 0.031130 -0.001717 -0.999922 0.012349 17.285398
0.012249 0.013752 0.999830 -0.164645 -0.999924 0.001753 0.012226 0.026056 -0.001584 -0.999904 0.013772 18.201113
0.012997 0.015254 0.999799 -0.183891 -0.999915 0.000879 0.012985 0.024812 -0.000680 -0.999883 0.015265 19.116898
0.012374 0.016257 0.999791 -0.209161 -0.999923 -0.000388 0.012382 0.024664 0.000589 -0.999868 0.016251 20.025455
0.012387 0.017785 0.999765 -0.226966 -0.999923 -0.001023 0.012407 0.024950 0.001243 -0.999841 0.017771 20.926912
0.013537 0.019205 0.999724 -0.247765 -0.999908 -0.000861 0.013556 0.025968 0.001121 -0.999815 0.019191 21.825829
0.013520 0.020619 0.999696 -0.274528 -0.999908 -0.000736 0.013538 0.021843 0.001015 -0.999787 0.020607 22.727001
0.013292 0.022388 0.999661 -0.288331 -0.999911 -0.000948 0.013317 0.024208 0.001246 -0.999749 0.022373 23.610067
0.013177 0.023204 0.999644 -0.314141 -0.999907 -0.003182 0.013254 0.021319 0.003488 -0.999726 0.023160 24.483452
0.014056 0.024304 0.999606 -0.329979 -0.999882 -0.005841 0.014202 0.022878 0.006184 -0.999688 0.024219 25.357254
0.013607 0.025091 0.999593 -0.351124 -0.999876 -0.007589 0.013802 0.026126 0.007932 -0.999656 0.024985 26.215277
0.012601 0.025357 0.999599 -0.380123 -0.999898 -0.006343 0.012766 0.030486 0.006664 -0.999658 0.025274 27.048376
0.010551 0.026339 0.999597 -0.405799 -0.999936 -0.003898 0.010657 0.033748 0.004177 -0.999646 0.026296 27.879883
0.009867 0.027137 0.999583 -0.428084 -0.999948 -0.002155 0.009929 0.039508 0.002423 -0.999629 0.027114 28.697968
0.009878 0.028067 0.999557 -0.452318 -0.999949 -0.001891 0.009935 0.038471 0.002170 -0.999604 0.028047 29.510178
0.010204 0.029321 0.999518 -0.478369 -0.999947 -0.001089 0.010240 0.046188 0.001389 -0.999570 0.029308 30.311220
0.009134 0.030816 0.999483 -0.512623 -0.999958 -0.000465 0.009153 0.043833 0.000747 -0.999525 0.030810 31.106169
0.009268 0.032784 0.999420 -0.544019 -0.999956 -0.000752 0.009297 0.039930 0.001057 -0.999462 0.032775 31.875875
0.009581 0.034629 0.999354 -0.573533 -0.999952 -0.001768 0.009648 0.043916 0.002101 -0.999399 0.034610 32.662056
0.009221 0.037026 0.999272 -0.597959 -0.999948 -0.004056 0.009378 0.049019 0.004401 -0.999306 0.036987 33.437214
0.008322 0.039031 0.999203 -0.629122 -0.999947 -0.005739 0.008553 0.052296 0.006068 -0.999222 0.038981 34.203789
0.007432 0.041325 0.999118 -0.655959 -0.999954 -0.005801 0.007678 0.056859 0.006114 -0.999129 0.041280 34.954823
0.004680 0.043332 0.999050 -0.691660 -0.999976 -0.004903 0.004897 0.058896 0.005111 -0.999049 0.043308 35.700558
0.003031 0.045436 0.998963 -0.723580 -0.999986 -0.004182 0.003224 0.061761 0.004324 -0.998959 0.045423 36.442902
0.002504 0.047273 0.998879 -0.755228 -0.999983 -0.005156 0.002750 0.069252 0.005280 -0.998869 0.047259 37.175911
0.001303 0.048853 0.998805 -0.782780 -0.999975 -0.006943 0.001644 0.074066 0.007015 -0.998782 0.048843 37.901543
-0.001452 0.048960 0.998800 -0.817609 -0.999969 -0.007806 -0.001071 0.070948 0.007744 -0.998770 0.048970 38.621986
-0.004355 0.048296 0.998824 -0.849467 -0.999974 -0.005916 -0.004074 0.070345 0.005712 -0.998816 0.048320 39.312073
-0.006541 0.046329 0.998905 -0.892377 -0.999976 -0.002737 -0.006422 0.075543 0.002436 -0.998922 0.046346 39.981071
-0.007471 0.044645 0.998975 -0.912133 -0.999972 -0.001002 -0.007434 0.073560 0.000669 -0.999002 0.044651 40.669029
-0.008510 0.041230 0.999113 -0.943959 -0.999963 -0.001846 -0.008441 0.073823 0.001496 -0.999148 0.041245 41.320606
-0.013351 0.038674 0.999163 -0.956516 -0.999903 -0.004416 -0.013190 0.079315 0.003902 -0.999242 0.038729 41.989792
-0.017700 0.035210 0.999223 -0.980119 -0.999817 -0.007934 -0.017431 0.078447 0.007314 -0.999349 0.035344 42.632038
-0.022790 0.031006 0.999259 -0.999712 -0.999708 -0.008790 -0.022528 0.085721 0.008085 -0.999480 0.031197 43.258602
-0.026587 0.026353 0.999299 -1.003741 -0.999611 -0.009118 -0.026355 0.090368 0.008417 -0.999611 0.026585 43.876194
-0.029779 0.020289 0.999351 -1.034199 -0.999502 -0.011084 -0.029559 0.093033 0.010477 -0.999733 0.020609 44.442280
-0.034367 0.013863 0.999313 -1.046674 -0.999337 -0.012504 -0.034194 0.093635 0.012021 -0.999826 0.014284 45.017590
-0.037345 0.007208 0.999276 -1.048412 -0.999232 -0.012138 -0.037256 0.100085 0.011860 -0.999900 0.007656 45.573498
-0.040785 -0.000170 0.999168 -1.051059 -0.999093 -0.012237 -0.040784 0.102623 0.012233 -0.999925 0.000329 46.083828
-0.044893 -0.007850 0.998961 -1.058383 -0.998923 -0.011402 -0.044980 0.118500 0.011743 -0.999904 -0.007330 46.623875
-0.049033 -0.015494 0.998677 -1.061404 -0.998752 -0.008722 -0.049172 0.119780 0.009472 -0.999842 -0.015047 47.099323
-0.050885 -0.023536 0.998427 -1.055678 -0.998681 -0.005617 -0.051030 0.120745 0.006810 -0.999707 -0.023219 47.567074
-0.051817 -0.031242 0.998168 -1.037681 -0.998631 -0.005520 -0.052014 0.119548 0.007134 -0.999497 -0.030913 48.005409
-0.050660 -0.038893 0.997958 -1.017416 -0.998679 -0.006578 -0.050953 0.132162 0.008547 -0.999222 -0.038509 48.438267
-0.052400 -0.046461 0.997545 -0.983150 -0.998579 -0.007273 -0.052793 0.136773 0.009708 -0.998894 -0.046014 48.837116
-0.055583 -0.055276 0.996923 -0.964182 -0.998399 -0.007420 -0.056077 0.138676 0.010497 -0.998444 -0.054775 49.215534
-0.060466 -0.064133 0.996108 -0.949231 -0.998111 -0.006945 -0.061035 0.133928 0.010833 -0.997917 -0.063592 49.579906
-0.063965 -0.072770 0.995295 -0.914989 -0.997885 -0.006923 -0.064638 0.133563 0.011594 -0.997325 -0.072174 49.878654
-0.063830 -0.082409 0.994552 -0.890071 -0.997870 -0.008179 -0.064721 0.112577 0.013468 -0.996565 -0.081711 50.206093
-0.062743 -0.092994 0.993688 -0.857617 -0.997954 -0.006412 -0.063612 0.106730 0.012287 -0.995646 -0.092402 50.510811
-0.061396 -0.105095 0.992565 -0.824257 -0.998078 -0.001944 -0.061943 0.102114 0.008439 -0.994460 -0.104774 50.788490
-0.061949 -0.118113 0.991066 -0.783136 -0.998067 0.002293 -0.062113 0.106232 0.005064 -0.992998 -0.118026 51.048752
-0.063895 -0.133389 0.989002 -0.733790 -0.997948 0.004464 -0.063871 0.111734 0.004105 -0.991054 -0.133401 51.325020
-0.065223 -0.149664 0.986583 -0.685557 -0.997861 0.005334 -0.065159 0.086041 0.004489 -0.988723 -0.149692 51.598267
-0.065586 -0.167010 0.983771 -0.644722 -0.997837 0.006585 -0.065406 0.084952 0.004446 -0.985933 -0.167081 51.885441
-0.065114 -0.184788 0.980619 -0.571361 -0.997869 0.007923 -0.064767 0.088360 0.004199 -0.982747 -0.184911 52.130344
-0.063817 -0.203666 0.976958 -0.496097 -0.997949 0.008086 -0.063502 0.078746 0.005034 -0.979007 -0.203764 52.376038
-0.064080 -0.224094 0.972458 -0.427366 -0.997932 0.009389 -0.063596 0.077776 0.005121 -0.974522 -0.224232 52.643276
-0.066290 -0.244800 0.967305 -0.340637 -0.997790 0.011864 -0.065377 0.079333 0.004528 -0.969501 -0.245046 52.890701
-0.068024 -0.267779 0.961076 -0.267503 -0.997673 0.013867 -0.066751 0.071182 0.004547 -0.963381 -0.268100 53.164211
-0.068795 -0.292219 0.953874 -0.168749 -0.997618 0.015245 -0.067279 0.073910 0.005118 -0.956230 -0.292571 53.425285
-0.072127 -0.318153 0.945292 -0.069082 -0.997368 0.016004 -0.070715 0.060491 0.007370 -0.947904 -0.318470 53.714149
-0.073581 -0.345155 0.935657 0.048876 -0.997254 0.017519 -0.071963 0.064972 0.008446 -0.938382 -0.345496 53.996010
-0.074383 -0.373905 0.924479 0.169583 -0.997181 0.018717 -0.072662 0.048398 0.009865 -0.927278 -0.374243 54.264256
-0.072667 -0.403883 0.911920 0.306072 -0.997312 0.020843 -0.070240 0.041637 0.009362 -0.914573 -0.404312 54.484016
-0.069675 -0.435729 0.897377 0.472923 -0.997543 0.023787 -0.065903 0.039633 0.007370 -0.899763 -0.436316 54.721821
-0.069254 -0.469929 0.879983 0.615921 -0.997585 0.027902 -0.063609 0.022929 0.005338 -0.882263 -0.470726 54.937862
-0.071186 -0.504099 0.860707 0.784314 -0.997457 0.033037 -0.063147 0.019152 0.003397 -0.863014 -0.505169 55.152260
-0.073008 -0.538978 0.839150 0.981866 -0.997329 0.037710 -0.062549 0.009544 0.002068 -0.841476 -0.540291 55.387756
-0.076102 -0.574380 0.815044 1.212240 -0.997096 0.041479 -0.063869 0.000574 0.002878 -0.817537 -0.575868 55.614525
-0.080151 -0.611109 0.787478 1.398537 -0.996767 0.044647 -0.066806 -0.011736 0.005668 -0.790286 -0.612711 55.849022
-0.084586 -0.647476 0.757377 1.626940 -0.996369 0.047592 -0.070591 -0.023922 0.009661 -0.760598 -0.649151 56.096050
-0.085567 -0.683691 0.724738 1.907499 -0.996264 0.050208 -0.070260 -0.051964 0.011649 -0.728042 -0.685433 56.343277
-0.083153 -0.720613 0.688333 2.195374 -0.996458 0.051417 -0.066546 -0.069450 0.012562 -0.691428 -0.722336 56.576973
-0.082255 -0.756369 0.648953 2.514627 -0.996513 0.053270 -0.064221 -0.086104 0.014005 -0.651973 -0.758113 56.820393
-0.081682 -0.790888 0.606485 2.865837 -0.996537 0.055316 -0.062080 -0.108949 0.015550 -0.609456 -0.792668 57.056629
-0.081023 -0.823854 0.560981 3.239066 -0.996596 0.058351 -0.058244 -0.141073 0.015251 -0.563790 -0.825778 57.265427
-0.080019 -0.854792 0.512765 3.636403 -0.996657 0.060105 -0.055335 -0.165388 0.016480 -0.515478 -0.856744 57.472073
-0.078287 -0.882202 0.464318 4.050533 -0.996748 0.060356 -0.053382 -0.186103 0.019069 -0.466987 -0.884058 57.657284
-0.076316 -0.906737 0.414733 4.491765 -0.996795 0.059366 -0.053629 -0.211331 0.024006 -0.417497 -0.908361 57.828960
-0.076195 -0.927829 0.365141 4.922144 -0.996631 0.059720 -0.056221 -0.226536 0.030358 -0.368195 -0.929253 57.971958
-0.076593 -0.945714 0.315845 5.399701 -0.996565 0.062608 -0.054207 -0.251715 0.031490 -0.318912 -0.947261 58.109283
-0.073002 -0.960206 0.269585 5.885174 -0.997066 0.064020 -0.041973 -0.278532 0.023044 -0.271858 -0.962062 58.198196
-0.066960 -0.971889 0.225718 6.404973 -0.997652 0.061962 -0.029163 -0.316027 0.014357 -0.227141 -0.973756 58.275627
-0.066010 -0.980742 0.183817 6.929932 -0.997783 0.063302 -0.020565 -0.346154 0.008532 -0.184767 -0.982745 58.333664
-0.068004 -0.987011 0.145549 7.465608 -0.997663 0.066318 -0.016412 -0.362331 0.006546 -0.146325 -0.989215 58.387108
-0.068282 -0.991273 0.112765 8.017517 -0.997666 0.067884 -0.007363 -0.401568 -0.000356 -0.113005 -0.993595 58.430069
-0.066373 -0.994241 0.084136 8.583727 -0.997782 0.066563 -0.000544 -0.442849 -0.005060 -0.083986 -0.996454 58.448296
-0.064897 -0.996162 0.058740 9.168783 -0.997838 0.065393 0.006547 -0.471610 -0.010363 -0.058188 -0.998252 58.470440
-0.064089 -0.997167 0.039369 9.757195 -0.997854 0.064563 0.010888 -0.502903 -0.013399 -0.038587 -0.999166 58.472034
-0.065533 -0.997572 0.023553 10.361006 -0.997738 0.065862 0.013485 -0.539225 -0.015004 -0.022616 -0.999632 58.478104
-0.064901 -0.997841 0.010083 10.991974 -0.997786 0.065038 0.013916 -0.582441 -0.014541 -0.009157 -0.999852 58.484138
-0.065526 -0.997850 -0.001633 11.607663 -0.997749 0.065495 0.014428 -0.624051 -0.014290 0.002575 -0.999895 58.473740
-0.068587 -0.997589 -0.010582 12.234458 -0.997469 0.068372 0.019495 -0.656371 -0.018724 0.011892 -0.999754 58.458435
-0.070543 -0.997370 -0.016623 12.886835 -0.997253 0.070138 0.023822 -0.691998 -0.022593 0.018257 -0.999578 58.432800
-0.069725 -0.997335 -0.021476 13.558045 -0.997314 0.069207 0.023976 -0.734535 -0.022425 0.023090 -0.999482 58.426083
-0.067080 -0.997424 -0.025412 14.229862 -0.997553 0.066543 0.021437 -0.770753 -0.019691 0.026788 -0.999447 58.419792
-0.060101 -0.997808 -0.027712 14.913696 -0.998031 0.059569 0.019631 -0.808379 -0.017937 0.028837 -0.999423 58.400848
-0.054177 -0.998112 -0.028919 15.615240 -0.998345 0.053584 0.020900 -0.851098 -0.019311 0.030003 -0.999363 58.376453
-0.051708 -0.998231 -0.029345 16.325113 -0.998413 0.051016 0.023851 -0.880946 -0.022312 0.030532 -0.999285 58.354553
-0.054046 -0.998121 -0.028882 17.044682 -0.998213 0.053267 0.027088 -0.917292 -0.025498 0.030294 -0.999216 58.327137
-0.061194 -0.997738 -0.027815 17.764853 -0.997780 0.060416 0.028017 -0.955876 -0.026274 0.029467 -0.999221 58.299183
-0.069316 -0.997265 -0.025653 18.490437 -0.997230 0.068572 0.028831 -0.989494 -0.026993 0.027581 -0.999255 58.285252
-0.070216 -0.997266 -0.023045 19.237288 -0.997142 0.069524 0.029562 -1.024282 -0.027879 0.025055 -0.999297 58.258968
-0.065464 -0.997638 -0.020819 19.987455 -0.997493 0.064864 0.028309 -1.075834 -0.026892 0.022620 -0.999382 58.237064
-0.059092 -0.998089 -0.018069 20.766645 -0.997888 0.058571 0.028099 -1.120225 -0.026987 0.019691 -0.999442 58.218098
-0.057096 -0.998260 -0.014740 21.536997 -0.998048 0.056698 0.026162 -1.170333 -0.025281 0.016205 -0.999549 58.197662
-0.062335 -0.997993 -0.011158 22.284706 -0.997512 0.061928 0.033676 -1.216357 -0.032917 0.013230 -0.999371 58.170444
-0.068070 -0.997651 -0.007743 23.044325 -0.997078 0.067757 0.035288 -1.256937 -0.034680 0.010122 -0.999347 58.162613
-0.068857 -0.997614 -0.005081 23.796539 -0.997186 0.068674 0.030056 -1.291612 -0.029636 0.007136 -0.999536 58.165588
-0.065105 -0.997876 -0.002360 24.584475 -0.997551 0.065023 0.025781 -1.344669 -0.025572 0.004033 -0.999665 58.197308
-0.061171 -0.998125 0.002220 25.343960 -0.997692 0.061210 0.029413 -1.398653 -0.029493 -0.000415 -0.999565 58.197323
-0.062241 -0.998043 0.005996 26.113203 -0.997475 0.062410 0.033885 -1.445009 -0.034193 -0.003872 -0.999408 58.193775
-0.067001 -0.997713 0.008919 26.887472 -0.997163 0.067266 0.033785 -1.484814 -0.034307 -0.006630 -0.999389 58.203831
-0.067907 -0.997616 0.012273 27.669292 -0.997211 0.068251 0.030197 -1.524036 -0.030963 -0.010188 -0.999469 58.233719
-0.067597 -0.997590 0.015680 28.446762 -0.997244 0.068038 0.029580 -1.567600 -0.030575 -0.013637 -0.999440 58.257641
-0.064158 -0.997753 0.019317 29.220840 -0.997343 0.064777 0.033321 -1.625820 -0.034498 -0.017128 -0.999258 58.274593
-0.064591 -0.997652 0.022777 29.996683 -0.997137 0.065424 0.037919 -1.675291 -0.039320 -0.020262 -0.999021 58.293457
-0.065568 -0.997502 0.026274 30.763014 -0.996933 0.066613 0.041090 -1.721175 -0.042737 -0.023499 -0.998810 58.313942
-0.065456 -0.997430 0.029137 31.544231 -0.996908 0.066639 0.041641 -1.769490 -0.043476 -0.026322 -0.998708 58.337563
-0.064069 -0.997417 0.032468 32.320152 -0.996933 0.065435 0.042923 -1.816203 -0.044937 -0.029619 -0.998551 58.367783
-0.062933 -0.997364 0.036112 33.100639 -0.996894 0.064538 0.045133 -1.864727 -0.047345 -0.033159 -0.998328 58.392372
-0.063372 -0.997223 0.039107 33.866531 -0.996936 0.065057 0.043434 -1.907183 -0.045857 -0.036234 -0.998291 58.423641
-0.064885 -0.997006 0.042054 34.626778 -0.996943 0.066604 0.040848 -1.955644 -0.043527 -0.039275 -0.998280 58.463284
-0.064532 -0.996915 0.044682 35.413372 -0.996888 0.066432 0.042439 -2.011727 -0.045276 -0.041804 -0.998100 58.504436
-0.064343 -0.996804 0.047350 36.185753 -0.996987 0.066270 0.040313 -2.055856 -0.043322 -0.044614 -0.998065 58.546017
-0.064570 -0.996651 0.050171 36.964901 -0.997022 0.066554 0.038950 -2.101133 -0.042158 -0.047507 -0.997981 58.578655
-0.064710 -0.996508 0.052764 37.736397 -0.997135 0.066646 0.035795 -2.149354 -0.039186 -0.050297 -0.997965 58.628242
-0.066930 -0.996179 0.056103 38.517395 -0.997032 0.068920 0.034322 -2.195927 -0.038058 -0.053640 -0.997835 58.675373
-0.070392 -0.995746 0.059457 39.302994 -0.996805 0.072471 0.033577 -2.243939 -0.037743 -0.056904 -0.997666 58.723701
-0.072304 -0.995391 0.063006 40.090340 -0.996652 0.074525 0.033634 -2.301858 -0.038174 -0.060363 -0.997446 58.776653
-0.074566 -0.995030 0.066000 40.882572 -0.996689 0.076515 0.027501 -2.350745 -0.032414 -0.063731 -0.997441 58.835110
-0.074029 -0.994893 0.068612 41.680351 -0.996827 0.075840 0.024164 -2.397336 -0.029244 -0.066606 -0.997351 58.902786
-0.074115 -0.994635 0.072172 42.483852 -0.996748 0.076178 0.026260 -2.460479 -0.031617 -0.069991 -0.997046 58.966106
-0.075250 -0.994264 0.076010 43.289345 -0.996678 0.077376 0.025421 -2.520557 -0.031156 -0.073845 -0.996783 59.032936
-0.076184 -0.993926 0.079423 44.092518 -0.996724 0.078084 0.021090 -2.577018 -0.027164 -0.077556 -0.996618 59.108788
-0.074403 -0.993729 0.083470 44.916485 -0.996869 0.076363 0.020540 -2.630575 -0.026785 -0.081680 -0.996299 59.188602
-0.073959 -0.993348 0.088258 45.728031 -0.996891 0.076054 0.020616 -2.697512 -0.027192 -0.086459 -0.995884 59.264599
-0.077709 -0.992591 0.093401 46.544167 -0.996661 0.079698 0.017751 -2.751742 -0.025063 -0.091710 -0.995470 59.347237
-0.086315 -0.991268 0.099686 47.352600 -0.995956 0.088360 0.016279 -2.811799 -0.024945 -0.097878 -0.994886 59.430435
-0.090744 -0.990111 0.106984 48.162338 -0.995573 0.092835 0.014729 -2.881150 -0.024515 -0.105174 -0.994152 59.525158
-0.093365 -0.989047 0.114324 49.000710 -0.995379 0.095311 0.011666 -2.945941 -0.022434 -0.112707 -0.993375 59.633366
-0.091802 -0.988342 0.121463 49.824932 -0.995596 0.093429 0.007763 -3.019106 -0.019021 -0.120215 -0.992566 59.743847
-0.089949 -0.987559 0.128979 50.661369 -0.995748 0.091755 0.008121 -3.090854 -0.019854 -0.127700 -0.991614 59.859577
-0.086563 -0.986880 0.136292 51.507725 -0.996041 0.088506 0.008250 -3.151845 -0.020205 -0.135038 -0.990634 59.990536
-0.081254 -0.986220 0.144113 52.329113 -0.996530 0.083005 0.006169 -3.221302 -0.018046 -0.143112 -0.989542 60.104797
-0.073754 -0.985809 0.150799 53.176743 -0.997157 0.075240 0.004167 -3.284310 -0.015454 -0.150062 -0.988556 60.261692
-0.070993 -0.984869 0.158094 54.009109 -0.997358 0.072533 0.003989 -3.350485 -0.015396 -0.157393 -0.987416 60.403641
-0.072779 -0.983542 0.165375 54.819412 -0.997229 0.074324 0.003167 -3.414369 -0.015406 -0.164686 -0.986226 60.542645
-0.079086 -0.982051 0.171236 55.621063 -0.996707 0.080982 0.004102 -3.475472 -0.017895 -0.170348 -0.985222 60.688995
-0.082615 -0.980899 0.176104 56.429665 -0.996413 0.084553 0.003515 -3.535340 -0.018338 -0.175182 -0.984365 60.845940
-0.085606 -0.979725 0.181140 57.221275 -0.996178 0.087337 0.001588 -3.605381 -0.017376 -0.180312 -0.983456 60.997311
-0.085124 -0.978765 0.186477 58.019878 -0.996250 0.086515 -0.000681 -3.672545 -0.015466 -0.185836 -0.982459 61.164425
-0.082033 -0.978009 0.191751 58.800217 -0.996441 0.084228 0.003311 -3.736314 -0.019389 -0.190797 -0.981438 61.317410
-0.075392 -0.977573 0.196637 59.574520 -0.996969 0.077692 0.003998 -3.796474 -0.019185 -0.195740 -0.980468 61.468582
-0.069099 -0.977497 0.199314 60.342266 -0.997476 0.070966 0.002230 -3.858100 -0.016324 -0.198657 -0.979933 61.640514
-0.065781 -0.977067 0.202515 61.088333 -0.997768 0.066737 -0.002110 -3.919227 -0.011454 -0.202202 -0.979277 61.802601
-0.065577 -0.976382 0.205860 61.827927 -0.997792 0.066335 -0.003224 -3.971082 -0.010508 -0.205617 -0.978576 61.964649
-0.067859 -0.975723 0.208232 62.556889 -0.997647 0.068412 -0.004555 -4.016723 -0.009801 -0.208051 -0.978069 62.125839
-0.072306 -0.975157 0.209384 63.279915 -0.997363 0.072010 -0.009045 -4.070817 -0.006257 -0.209486 -0.977792 62.300278
-0.076295 -0.974492 0.211057 63.980103 -0.997069 0.075772 -0.010576 -4.127219 -0.005686 -0.211245 -0.977417 62.461681
-0.081524 -0.973605 0.213182 64.672600 -0.996648 0.081110 -0.010702 -4.176746 -0.006872 -0.213340 -0.976954 62.619900
-0.083509 -0.973106 0.214688 65.372543 -0.996475 0.083270 -0.010174 -4.233423 -0.007977 -0.214781 -0.976630 62.780930
-0.083199 -0.972824 0.216082 66.058258 -0.996516 0.082484 -0.012338 -4.289769 -0.005821 -0.216356 -0.976297 62.937977
-0.080732 -0.972950 0.216450 66.746315 -0.996721 0.079974 -0.012272 -4.340774 -0.005370 -0.216732 -0.976217 63.106258
-0.078263 -0.972981 0.217215 67.432869 -0.996916 0.077639 -0.011420 -4.388671 -0.005753 -0.217439 -0.976057 63.269207
-0.076570 -0.973179 0.216932 68.088493 -0.997046 0.076056 -0.010730 -4.447786 -0.006057 -0.217113 -0.976128 63.415974
-0.075955 -0.973545 0.215503 68.736786 -0.997098 0.075279 -0.011355 -4.499506 -0.005168 -0.215740 -0.976437 63.564342
-0.076902 -0.973844 0.213808 69.383850 -0.997029 0.076041 -0.012258 -4.548368 -0.004321 -0.214115 -0.976799 63.719425
-0.079558 -0.974178 0.211301 70.009521 -0.996822 0.078622 -0.012841 -4.596987 -0.004104 -0.211651 -0.977337 63.864639
-0.083033 -0.974408 0.208889 70.638794 -0.996524 0.082616 -0.010734 -4.649967 -0.006798 -0.209054 -0.977880 64.014801
-0.083573 -0.974720 0.207211 71.239479 -0.996461 0.083619 -0.008552 -4.697837 -0.008991 -0.207193 -0.978259 64.137306
-0.082719 -0.975259 0.205005 71.839996 -0.996548 0.082417 -0.010026 -4.746126 -0.007118 -0.205126 -0.978710 64.262634
-0.079723 -0.976101 0.202166 72.449547 -0.996798 0.079337 -0.010022 -4.790446 -0.006256 -0.202317 -0.979300 64.407104
-0.075772 -0.976870 0.199958 73.046837 -0.997108 0.075400 -0.009486 -4.839180 -0.005810 -0.200098 -0.979759 64.536545
-0.074769 -0.977386 0.197806 73.622475 -0.997163 0.075001 -0.006326 -4.892225 -0.008653 -0.197718 -0.980221 64.657425
-0.076509 -0.977595 0.196098 74.183212 -0.996989 0.077493 -0.002663 -4.932799 -0.012592 -0.195712 -0.980581 64.760155
-0.078415 -0.977951 0.193555 74.734642 -0.996782 0.080154 0.001160 -4.975520 -0.016649 -0.192841 -0.981089 64.863937
-0.080264 -0.978219 0.191428 75.299995 -0.996640 0.081907 0.000672 -5.017384 -0.016337 -0.190731 -0.981507 64.987938
-0.082876 -0.978219 0.190313 75.867302 -0.996427 0.084454 0.000186 -5.062888 -0.016255 -0.189617 -0.981724 65.102188
-0.081044 -0.978626 0.189004 76.435593 -0.996546 0.083005 0.002469 -5.106371 -0.018105 -0.188151 -0.981973 65.215073
-0.079468 -0.978681 0.189389 77.000290 -0.996553 0.082539 0.008372 -5.151047 -0.023825 -0.188070 -0.981867 65.323181
-0.077541 -0.978408 0.191585 77.564880 -0.996578 0.081583 0.013288 -5.190576 -0.028631 -0.189899 -0.981386 65.427727
-0.077101 -0.978137 0.193143 78.128426 -0.996532 0.081683 0.015864 -5.232335 -0.031293 -0.191250 -0.981042 65.540665
-0.077273 -0.977590 0.195821 78.700966 -0.996594 0.081413 0.013169 -5.275013 -0.028816 -0.194137 -0.980551 65.677162
-0.077057 -0.976453 0.201497 79.278008 -0.996602 0.081330 0.013002 -5.322134 -0.029084 -0.199811 -0.979403 65.799431
-0.075713 -0.975247 0.207753 79.881874 -0.996616 0.080700 0.015623 -5.356519 -0.032002 -0.205867 -0.978057 65.954216
-0.075975 -0.973540 0.215519 80.463364 -0.996647 0.080732 0.013342 -5.399067 -0.030388 -0.213782 -0.976409 66.083580
-0.073862 -0.971797 0.223953 81.062393 -0.996788 0.078911 0.013670 -5.445524 -0.030957 -0.222224 -0.974504 66.228020
-0.073450 -0.969796 0.232594 81.657852 -0.996895 0.078029 0.010535 -5.491451 -0.028366 -0.231098 -0.972517 66.390976
-0.072875 -0.967445 0.242361 82.252182 -0.996958 0.077402 0.009197 -5.539926 -0.027657 -0.240953 -0.970143 66.539993
-0.076934 -0.964708 0.251833 82.862419 -0.996747 0.080500 0.003873 -5.582905 -0.024009 -0.250715 -0.967763 66.717094
-0.079352 -0.962108 0.260865 83.476257 -0.996606 0.082322 0.000460 -5.623414 -0.021917 -0.259943 -0.965375 66.903099
-0.082006 -0.958874 0.271729 84.096886 -0.996435 0.084303 -0.003229 -5.666847 -0.019811 -0.271025 -0.962368 67.088402
-0.083794 -0.955811 0.281787 84.734367 -0.996283 0.086027 -0.004461 -5.714642 -0.019978 -0.281114 -0.959466 67.299973
-0.084309 -0.952875 0.291414 85.365265 -0.996276 0.085910 -0.007324 -5.764291 -0.018057 -0.290946 -0.956569 67.508537
-0.084936 -0.949567 0.301842 86.013145 -0.996217 0.086522 -0.008139 -5.807971 -0.018387 -0.301392 -0.953323 67.722214
-0.086166 -0.946291 0.311623 86.674461 -0.996176 0.086365 -0.013188 -5.863779 -0.014434 -0.311567 -0.950114 67.962112
-0.080920 -0.943320 0.321869 87.364441 -0.996601 0.081574 -0.011478 -5.908170 -0.015429 -0.321704 -0.946715 68.230515
-0.073809 -0.940174 0.332604 88.045204 -0.997111 0.075575 -0.007644 -5.959682 -0.017950 -0.332207 -0.943036 68.476799
-0.068998 -0.936584 0.343584 88.736267 -0.997425 0.071512 -0.005366 -6.008461 -0.019544 -0.343070 -0.939106 68.732498
-0.065742 -0.933046 0.353698 89.432297 -0.997656 0.068202 -0.005521 -6.050041 -0.018972 -0.353232 -0.935343 69.008232
-0.063239 -0.929586 0.363140 90.139755 -0.997673 0.068181 0.000794 -6.092417 -0.025498 -0.362245 -0.931734 69.288315
-0.057795 -0.926457 0.371938 90.880188 -0.997852 0.065116 0.007140 -6.136232 -0.030834 -0.370726 -0.928230 69.570709
-0.048242 -0.924283 0.378646 91.606949 -0.998113 0.059023 0.016910 -6.174789 -0.037978 -0.377116 -0.925387 69.863228
-0.043842 -0.921672 0.385486 92.339203 -0.998133 0.056832 0.022363 -6.219216 -0.042520 -0.383785 -0.922443 70.170197
-0.043875 -0.918742 0.392414 93.078438 -0.998012 0.058098 0.024438 -6.264241 -0.045251 -0.390562 -0.919464 70.501205
-0.049945 -0.915410 0.399413 93.816826 -0.997450 0.066134 0.026844 -6.307789 -0.050988 -0.397054 -0.916378 70.835526
-0.054644 -0.912338 0.405776 94.546471 -0.996866 0.073129 0.030178 -6.352223 -0.057207 -0.402855 -0.913474 71.180298
-0.056718 -0.909768 0.411223 95.318802 -0.996774 0.075027 0.028505 -6.409648 -0.056786 -0.408280 -0.911089 71.545937
-0.058145 -0.907833 0.415282 96.043007 -0.997037 0.073791 0.021715 -6.466094 -0.050358 -0.412789 -0.909434 71.910172
-0.061775 -0.905714 0.419363 96.765945 -0.997043 0.075243 0.015634 -6.517640 -0.045714 -0.417157 -0.907684 72.262375
-0.064861 -0.903725 0.423171 97.477516 -0.996850 0.078079 0.013954 -6.593196 -0.045651 -0.420933 -0.905942 72.611710
-0.068623 -0.901415 0.427484 98.166588 -0.996642 0.081124 0.011076 -6.655543 -0.044663 -0.425289 -0.903955 72.934410
-0.071422 -0.899586 0.430864 98.853165 -0.996505 0.083118 0.008356 -6.712381 -0.043330 -0.428761 -0.902378 73.280022
-0.070009 -0.897975 0.434442 99.536522 -0.996662 0.081301 0.007438 -6.768121 -0.042000 -0.432471 -0.900669 73.635872
-0.066476 -0.896071 0.438905 100.211967 -0.996871 0.078500 0.009281 -6.823580 -0.042770 -0.436915 -0.898485 73.960297
-0.063678 -0.894658 0.442190 100.870979 -0.997093 0.075613 0.009395 -6.877683 -0.041841 -0.440306 -0.896872 74.301300
-0.062786 -0.893057 0.445541 101.531975 -0.997212 0.074178 0.008155 -6.943271 -0.040332 -0.443786 -0.895225 74.652657
-0.064300 -0.891111 0.449206 102.170753 -0.997146 0.075218 0.006480 -6.994804 -0.039562 -0.447507 -0.893405 74.976540
-0.065100 -0.889807 0.451670 102.807838 -0.997098 0.075910 0.005832 -7.068064 -0.039475 -0.449979 -0.892166 75.314056
-0.063298 -0.888586 0.454323 103.415291 -0.997149 0.075043 0.007847 -7.111213 -0.041067 -0.452531 -0.890803 75.598564
-0.062144 -0.887947 0.455729 104.041718 -0.997127 0.075048 0.010255 -7.162221 -0.043308 -0.453783 -0.890059 75.944016
-0.061942 -0.887071 0.457459 104.655327 -0.997211 0.074124 0.008709 -7.223084 -0.041635 -0.455643 -0.889188 76.280579
-0.060797 -0.885969 0.459743 105.255264 -0.997222 0.073769 0.010286 -7.276831 -0.043027 -0.457841 -0.887992 76.591469
-0.062422 -0.884468 0.462407 105.834129 -0.997095 0.075524 0.009858 -7.324929 -0.043642 -0.460448 -0.886613 76.896416
-0.062447 -0.883001 0.465199 106.414276 -0.996922 0.077324 0.012947 -7.372665 -0.047403 -0.462958 -0.885112 77.205620
-0.061513 -0.881568 0.468032 106.983788 -0.996890 0.077408 0.014783 -7.426386 -0.049262 -0.465667 -0.883588 77.528206
-0.059823 -0.880090 0.471024 107.541481 -0.996859 0.077204 0.017645 -7.476889 -0.051894 -0.468489 -0.881944 77.828011
-0.058866 -0.878500 0.474101 108.094460 -0.996861 0.076917 0.018752 -7.530463 -0.052940 -0.471509 -0.880271 78.146431
-0.058612 -0.876931 0.477030 108.630554 -0.996833 0.077141 0.019330 -7.582761 -0.053750 -0.474386 -0.878675 78.447289
-0.057632 -0.875085 0.480525 109.164375 -0.996835 0.076845 0.020387 -7.626715 -0.054766 -0.477829 -0.876744 78.748466
-0.057077 -0.873202 0.484005 109.683601 -0.996790 0.077106 0.021561 -7.675162 -0.056147 -0.481220 -0.874800 79.035851
-0.058228 -0.870942 0.487924 110.208252 -0.996665 0.078709 0.021555 -7.719169 -0.057177 -0.485042 -0.872620 79.342789
-0.058495 -0.868671 0.491925 110.719452 -0.996518 0.080142 0.023022 -7.767863 -0.059422 -0.488865 -0.870334 79.644379
-0.061949 -0.865850 0.496453 111.226265 -0.996314 0.083216 0.020810 -7.816325 -0.059331 -0.493334 -0.867814 79.949318
-0.067551 -0.862453 0.501609 111.732285 -0.995945 0.088227 0.017573 -7.864555 -0.059411 -0.498388 -0.864916 80.275764
-0.074810 -0.858301 0.507664 112.223358 -0.995496 0.094007 0.012239 -7.909503 -0.058229 -0.504462 -0.861468 80.566032
-0.081140 -0.854104 0.513733 112.719490 -0.995091 0.098718 0.006956 -7.959440 -0.056656 -0.510647 -0.857922 80.889526
-0.085253 -0.849680 0.520361 113.218674 -0.994790 0.101890 0.003394 -8.014725 -0.055903 -0.517361 -0.853940 81.205643
-0.085558 -0.846376 0.525668 113.720314 -0.994956 0.100309 -0.000432 -8.061515 -0.052364 -0.523054 -0.850690 81.542099
-0.084514 -0.843004 0.531227 114.228210 -0.995414 0.095410 -0.006957 -8.118300 -0.044820 -0.529379 -0.847201 81.879967
-0.082044 -0.839607 0.536963 114.738235 -0.995974 0.088600 -0.013641 -8.176553 -0.036122 -0.535920 -0.843496 82.233124
-0.080271 -0.836209 0.542504 115.261833 -0.996364 0.082895 -0.019654 -8.226342 -0.028536 -0.542109 -0.839823 82.611412
-0.078139 -0.832329 0.548747 115.785141 -0.996627 0.079058 -0.022002 -8.275469 -0.025070 -0.548615 -0.835699 82.974731
-0.081494 -0.827924 0.554889 116.311295 -0.996422 0.080194 -0.026686 -8.324054 -0.022404 -0.555078 -0.831497 83.354973
-0.085539 -0.823337 0.561070 116.847054 -0.996105 0.082758 -0.030421 -8.364501 -0.021386 -0.561487 -0.827209 83.738876
-0.088970 -0.818779 0.567174 117.380096 -0.995831 0.084636 -0.034030 -8.419797 -0.020140 -0.567837 -0.822895 84.128166
-0.091309 -0.814349 0.573148 117.930977 -0.995628 0.086032 -0.036378 -8.465810 -0.019685 -0.573963 -0.818645 84.543877
-0.092349 -0.809632 0.579628 118.490578 -0.995579 0.085106 -0.039742 -8.517643 -0.017153 -0.580735 -0.813912 84.954903
-0.094994 -0.805093 0.585492 119.045334 -0.995409 0.083753 -0.046336 -8.563634 -0.011732 -0.587205 -0.809353 85.392967
-0.092987 -0.800340 0.592291 119.614403 -0.995612 0.081014 -0.046835 -8.614768 -0.010500 -0.594047 -0.804362 85.846275
-0.090943 -0.794761 0.600070 120.194283 -0.995805 0.078693 -0.046693 -8.660456 -0.010111 -0.601799 -0.798584 86.285973
-0.091099 -0.789206 0.607335 120.778252 -0.995790 0.078435 -0.047443 -8.714646 -0.010194 -0.609100 -0.793028 86.755203
-0.093253 -0.783099 0.614866 121.361305 -0.995616 0.077825 -0.051880 -8.766527 -0.007225 -0.617009 -0.786923 87.233192
-0.093800 -0.776828 0.622687 121.949631 -0.995561 0.078039 -0.052611 -8.813275 -0.007724 -0.624858 -0.780700 87.724037
-0.095034 -0.771353 0.629272 122.550385 -0.995454 0.077626 -0.055182 -8.859557 -0.006283 -0.631656 -0.775223 88.241875
-0.094053 -0.767416 0.634213 123.156631 -0.995549 0.076360 -0.055242 -8.910063 -0.006035 -0.636586 -0.771182 88.767387
-0.092950 -0.764416 0.637988 123.777763 -0.995647 0.075784 -0.054256 -8.959600 -0.006876 -0.640254 -0.768132 89.295906
-0.090545 -0.761692 0.641581 124.408211 -0.995844 0.075580 -0.050811 -9.009116 -0.009788 -0.643516 -0.765370 89.843155
-0.086566 -0.759181 0.645098 125.046432 -0.996146 0.075133 -0.045252 -9.063113 -0.014114 -0.646529 -0.762759 90.385437
-0.080293 -0.756613 0.648914 125.690910 -0.996587 0.073440 -0.037683 -9.119643 -0.019145 -0.649725 -0.759928 90.934875
-0.074330 -0.754055 0.652592 126.345680 -0.996985 0.070795 -0.031755 -9.177464 -0.022255 -0.652985 -0.757044 91.504433
-0.068829 -0.751809 0.655779 127.009857 -0.997306 0.068557 -0.026079 -9.232594 -0.025352 -0.655808 -0.754502 92.087952
-0.066999 -0.749012 0.659160 127.664719 -0.997437 0.066910 -0.025351 -9.287239 -0.025116 -0.659169 -0.751575 92.670334
-0.068182 -0.746126 0.662304 128.326920 -0.997332 0.068326 -0.025699 -9.342475 -0.026077 -0.662289 -0.748794 93.265244
-0.072832 -0.742924 0.665402 128.977249 -0.997075 0.069733 -0.031278 -9.392879 -0.023163 -0.665734 -0.745829 93.867584
-0.076392 -0.739964 0.668295 129.628296 -0.996906 0.069139 -0.037401 -9.439301 -0.018530 -0.669084 -0.742956 94.476028
-0.072719 -0.737782 0.671111 130.286438 -0.997219 0.064806 -0.036811 -9.488358 -0.016334 -0.671922 -0.740442 95.095230
-0.069395 -0.734926 0.674587 130.954300 -0.997532 0.058347 -0.039051 -9.533491 -0.010660 -0.675633 -0.737161 95.733566
-0.064064 -0.732130 0.678145 131.622314 -0.997926 0.051323 -0.038865 -9.581898 -0.006351 -0.679228 -0.733900 96.366257
-0.060152 -0.728422 0.682483 132.292816 -0.998174 0.047719 -0.037045 -9.628459 -0.005583 -0.683465 -0.729963 97.017555
-0.057150 -0.724409 0.686997 132.961472 -0.998301 0.049270 -0.031093 -9.666814 -0.011324 -0.687607 -0.725994 97.652809
-0.054111 -0.719708 0.692165 133.635300 -0.998260 0.055269 -0.020571 -9.709744 -0.023450 -0.692074 -0.721446 98.292938
-0.055753 -0.714468 0.697444 134.302460 -0.997877 0.063413 -0.014809 -9.752393 -0.033647 -0.696789 -0.716487 98.943962
-0.056031 -0.708459 0.703525 134.976746 -0.997664 0.067311 -0.011673 -9.798386 -0.039085 -0.702535 -0.710575 99.583817
-0.051715 -0.702896 0.709410 135.641983 -0.997906 0.064003 -0.009331 -9.848736 -0.038846 -0.708407 -0.704734 100.252045
-0.046176 -0.697458 0.715137 136.303421 -0.998110 0.061283 -0.004679 -9.903427 -0.040563 -0.714001 -0.698969 100.924461
-0.042664 -0.691973 0.720662 136.965652 -0.998086 0.061836 0.000286 -9.954771 -0.044760 -0.719270 -0.693287 101.613174
-0.044872 -0.687344 0.724944 137.612839 -0.997730 0.067312 0.002064 -10.017344 -0.050216 -0.723206 -0.688804 102.312363
-0.046199 -0.683297 0.728678 138.255615 -0.997640 0.068660 0.001132 -10.076525 -0.050804 -0.726905 -0.684856 103.000206
-0.043032 -0.680084 0.731870 138.911163 -0.997717 0.067413 0.003979 -10.133680 -0.052043 -0.730029 -0.681432 103.707687
-0.037436 -0.677634 0.734446 139.570587 -0.997972 0.063212 0.007454 -10.190586 -0.051477 -0.732678 -0.678626 104.420242
-0.032208 -0.676247 0.735970 140.227707 -0.998096 0.060512 0.011923 -10.242088 -0.052598 -0.734185 -0.676909 105.132217
-0.027530 -0.675775 0.736594 140.883133 -0.998211 0.057706 0.015633 -10.292139 -0.053070 -0.734846 -0.676155 105.842796
-0.026148 -0.675806 0.736615 141.532394 -0.998277 0.056371 0.016281 -10.346357 -0.052526 -0.734921 -0.676116 106.574242
-0.026884 -0.675861 0.736539 142.182983 -0.998360 0.055412 0.014406 -10.402878 -0.050550 -0.734943 -0.676242 107.302299
-0.029419 -0.676378 0.735967 142.822968 -0.998304 0.056894 0.012383 -10.453333 -0.050247 -0.734354 -0.676904 107.999161
-0.032704 -0.676851 0.735393 143.470062 -0.998266 0.058158 0.009134 -10.496840 -0.048952 -0.733819 -0.677579 108.686172
-0.036112 -0.679012 0.733239 144.112900 -0.998197 0.059715 0.006137 -10.547728 -0.047952 -0.731695 -0.679944 109.407875
-0.038754 -0.681106 0.731158 144.762695 -0.998233 0.059374 0.002400 -10.593946 -0.045047 -0.729773 -0.682204 110.129181
-0.040463 -0.683294 0.729021 145.418076 -0.998267 0.058852 -0.000246 -10.648425 -0.042736 -0.727767 -0.684491 110.838699
-0.039153 -0.685802 0.726735 146.074722 -0.998394 0.056659 -0.000321 -10.701289 -0.040955 -0.725580 -0.686918 111.546570
-0.037956 -0.688515 0.724228 146.730377 -0.998575 0.053333 -0.001631 -10.750346 -0.037503 -0.723258 -0.689559 112.249069
-0.033806 -0.691439 0.721644 147.387833 -0.998682 0.051275 0.002345 -10.806140 -0.038624 -0.720613 -0.692261 112.922623
-0.038012 -0.694060 0.718913 148.046799 -0.998414 0.056286 0.001550 -10.862903 -0.041541 -0.717713 -0.695099 113.612915
-0.048373 -0.697138 0.715303 148.694687 -0.997874 0.065051 -0.004083 -10.912182 -0.043684 -0.713979 -0.698802 114.302940
-0.055230 -0.700243 0.711765 149.336716 -0.997408 0.071618 -0.006936 -10.964509 -0.046119 -0.710303 -0.702384 114.965729
-0.053560 -0.703467 0.708707 150.006195 -0.997681 0.067550 -0.008348 -11.021707 -0.042001 -0.707510 -0.705454 115.631508
-0.051829 -0.707745 0.704564 150.673920 -0.998036 0.061560 -0.011579 -11.086845 -0.035178 -0.703781 -0.709546 116.330444
-0.049968 -0.711275 0.701136 151.339157 -0.998287 0.056955 -0.013367 -11.139352 -0.030425 -0.700603 -0.712903 116.985550
-0.050048 -0.714724 0.697614 151.995041 -0.998277 0.057225 -0.012990 -11.189635 -0.030637 -0.697062 -0.716356 117.638748
-0.048455 -0.717694 0.694671 152.688400 -0.998351 0.056225 -0.011549 -11.253429 -0.030769 -0.694086 -0.719235 118.318260
-0.047678 -0.720589 0.691722 153.353851 -0.998247 0.058692 -0.007664 -11.304881 -0.035076 -0.690874 -0.722124 118.954514
-0.046604 -0.723989 0.688236 154.021118 -0.998159 0.060518 -0.003929 -11.358390 -0.038806 -0.687152 -0.725477 119.580978
-0.046635 -0.727622 0.684391 154.707153 -0.997939 0.064174 0.000227 -11.397829 -0.044085 -0.682970 -0.729115 120.246323
-0.046695 -0.731273 0.680485 155.384552 -0.997946 0.064062 0.000364 -11.447940 -0.043859 -0.679070 -0.732762 120.885429
-0.048045 -0.734818 0.676561 156.080444 -0.997949 0.063996 -0.001362 -11.500625 -0.042297 -0.675239 -0.736385 121.542793
-0.047136 -0.739561 0.671438 156.764053 -0.997951 0.063978 0.000411 -11.548180 -0.043262 -0.670042 -0.741061 122.176712
-0.049876 -0.744555 0.665695 157.445145 -0.997897 0.064777 -0.002315 -11.604057 -0.041398 -0.664410 -0.746221 122.799400
-0.057311 -0.749528 0.659487 158.141815 -0.997481 0.070651 -0.006387 -11.658981 -0.041806 -0.658191 -0.751689 123.427574
-0.062894 -0.754536 0.653238 158.836075 -0.997133 0.075104 -0.009254 -11.716235 -0.042079 -0.651947 -0.757096 124.046913
-0.065255 -0.760473 0.646082 159.546890 -0.996936 0.077676 -0.009263 -11.785808 -0.043140 -0.644707 -0.763212 124.697464
-0.060184 -0.766493 0.639427 160.274475 -0.997511 0.069760 -0.010265 -11.841857 -0.036738 -0.638453 -0.768783 125.317810
-0.056005 -0.772551 0.632478 161.006592 -0.998127 0.058928 -0.016404 -11.903929 -0.024598 -0.632212 -0.774405 125.934784
-0.051196 -0.778863 0.625101 161.743698 -0.998465 0.053170 -0.015525 -11.951106 -0.021145 -0.624936 -0.780389 126.541969
-0.052256 -0.784564 0.617841 162.491928 -0.998510 0.050777 -0.019973 -11.993729 -0.015702 -0.617965 -0.786049 127.148499
-0.053569 -0.790788 0.609742 163.233246 -0.998407 0.053249 -0.018655 -12.039052 -0.017716 -0.609770 -0.792381 127.725868
-0.052977 -0.795358 0.603820 164.037201 -0.998298 0.056944 -0.012580 -12.098503 -0.024378 -0.603459 -0.797021 128.314697
-0.062012 -0.800346 0.596323 164.825638 -0.997585 0.068421 -0.011910 -12.144511 -0.031269 -0.595621 -0.802657 128.925491
-0.063175 -0.806135 0.588349 165.606720 -0.997326 0.072695 -0.007485 -12.184279 -0.036736 -0.587249 -0.808572 129.512390
-0.058857 -0.810857 0.582277 166.428497 -0.997581 0.069383 -0.004216 -12.235748 -0.036981 -0.581117 -0.812979 130.067001
-0.053573 -0.816509 0.574841 167.236710 -0.997872 0.065199 -0.000388 -12.289582 -0.037162 -0.573639 -0.818265 130.648529
