0.000000 0.000000 1.000000 0.000000 -1.000000 0.000000 0.000000 0.000000 0.000000 -1.000000 0.000000 0.000000
0.001719 0.001209 0.999998 -0.007261 -0.999998 0.000436 0.001718 -0.014237 -0.000434 -0.999999 0.001210 0.563828
0.002664 0.002923 0.999992 -0.003408 -0.999995 0.001658 0.002659 -0.023778 -0.001651 -0.999994 0.002927 1.152764
0.002936 0.004657 0.999985 -0.020903 -0.999993 0.002336 0.002925 -0.041122 -0.002322 -0.999986 0.004664 1.708983
0.005086 0.006521 0.999966 -0.024141 -0.999981 0.003443 0.005064 -0.057499 -0.003410 -0.999973 0.006539 2.265517
0.007744 0.008233 0.999936 -0.029096 -0.999956 0.005314 0.007701 -0.064337 -0.005251 -0.999952 0.008274 2.842432
0.009287 0.009913 0.999908 -0.032361 -0.999940 0.005868 0.009230 -0.068568 -0.005776 -0.999934 0.009966 3.421071
0.009497 0.010691 0.999898 -0.061990 -0.999942 0.005122 0.009443 -0.074987 -0.005020 -0.999930 0.010739 4.019450
0.009775 0.012377 0.999876 -0.058912 -0.999941 0.004855 0.009715 -0.098554 -0.004734 -0.999912 0.012424 4.606950
0.009363 0.013130 0.999870 -0.086260 -0.999932 0.007068 0.009271 -0.112441 -0.006946 -0.999889 0.013195 5.231102
0.007624 0.014496 0.999866 -0.100266 -0.999917 0.010478 0.007472 -0.129784 -0.010369 -0.999840 0.014574 5.850821
0.006649 0.015624 0.999856 -0.115566 -0.999882 0.013925 0.006432 -0.134230 -0.013822 -0.999781 0.015714 6.448664
0.004834 0.016935 0.999845 -0.132795 -0.999900 0.013345 0.004608 -0.148926 -0.013265 -0.999768 0.016997 7.073906
0.002505 0.018333 0.999829 -0.147084 -0.999977 0.006364 0.002388 -0.154320 -0.006319 -0.999812 0.018348 7.734837
0.002227 0.018650 0.999824 -0.178422 -0.999988 -0.004401 0.002310 -0.162499 0.004444 -0.999816 0.018640 8.416004
0.001557 0.019844 0.999802 -0.192299 -0.999930 -0.011694 0.001790 -0.177528 0.011727 -0.999735 0.019824 9.109968
-0.000293 0.020843 0.999783 -0.212926 -0.999937 -0.011209 -0.000060 -0.187529 0.011205 -0.999720 0.020845 9.785175
-0.002000 0.021768 0.999761 -0.232540 -0.999990 -0.004180 -0.001910 -0.185146 0.004137 -0.999754 0.021776 10.484692
-0.001828 0.022716 0.999740 -0.266734 -0.999997 0.001585 -0.001865 -0.183032 -0.001627 -0.999741 0.022713 11.205905
0.000614 0.023940 0.999713 -0.278857 -1.000000 -0.000422 0.000625 -0.184366 0.000437 -0.999713 0.023940 11.944720
0.001806 0.024093 0.999708 -0.305805 -0.999949 -0.009938 0.002046 -0.183878 0.009984 -0.999660 0.024074 12.707911
0.002963 0.024686 0.999691 -0.330068 -0.999837 -0.017714 0.003401 -0.181705 0.017793 -0.999538 0.024629 13.507392
0.003863 0.025546 0.999666 -0.347133 -0.999774 -0.020786 0.004394 -0.184138 0.020891 -0.999458 0.025460 14.305105
0.005680 0.025593 0.999656 -0.375028 -0.999783 -0.019912 0.006191 -0.176379 0.020064 -0.999474 0.025474 15.125902
0.006324 0.024902 0.999670 -0.408504 -0.999817 -0.017903 0.006771 -0.168868 0.018065 -0.999530 0.024784 15.964744
0.004438 0.024132 0.999699 -0.447633 -0.999879 -0.014814 0.004796 -0.159694 0.014926 -0.999599 0.024063 16.822222
0.007426 0.023205 0.999703 -0.464520 -0.999925 -0.009583 0.007650 -0.160464 0.009757 -0.999685 0.023132 17.675674
0.010352 0.022820 0.999686 -0.474646 -0.999939 -0.003684 0.010439 -0.162480 0.003921 -0.999733 0.022781 18.555067
0.010591 0.021134 0.999721 -0.517330 -0.999943 0.001487 0.010562 -0.156630 -0.001263 -0.999776 0.021148 19.470690
0.008927 0.021047 0.999739 -0.535873 -0.999959 0.001995 0.008887 -0.164261 -0.001808 -0.999776 0.021064 20.396284
0.009038 0.021239 0.999734 -0.560681 -0.999959 0.001007 0.009019 -0.177035 -0.000815 -0.999774 0.021248 21.344177
0.007395 0.021120 0.999750 -0.591673 -0.999971 0.002134 0.007352 -0.192553 -0.001979 -0.999775 0.021135 22.307764
0.005058 0.020638 0.999774 -0.627836 -0.999979 0.004155 0.004974 -0.200681 -0.004051 -0.999778 0.020659 23.270439
0.001800 0.020865 0.999781 -0.654201 -0.999988 0.004635 0.001704 -0.217550 -0.004598 -0.999772 0.020873 24.245914
0.000336 0.021306 0.999773 -0.684543 -0.999989 0.004606 0.000238 -0.229735 -0.004600 -0.999762 0.021307 25.238697
-0.000698 0.021728 0.999764 -0.704389 -0.999990 0.004493 -0.000796 -0.248660 -0.004509 -0.999754 0.021725 26.231041
-0.000359 0.021672 0.999765 -0.740049 -0.999992 0.003986 -0.000445 -0.271014 -0.003995 -0.999757 0.021670 27.250229
-0.001261 0.021707 0.999764 -0.780239 -0.999995 0.002844 -0.001323 -0.284636 -0.002872 -0.999760 0.021704 28.270378
-0.001429 0.022754 0.999740 -0.803180 -0.999999 0.000872 -0.001449 -0.303359 -0.000905 -0.999741 0.022752 29.288799
-0.002544 0.022977 0.999733 -0.836221 -0.999997 -0.000437 -0.002534 -0.319263 0.000378 -0.999736 0.022978 30.314724
-0.002315 0.023381 0.999724 -0.864523 -0.999997 -0.000063 -0.002314 -0.339233 0.000009 -0.999727 0.023381 31.339407
-0.003545 0.023084 0.999727 -0.902151 -0.999994 0.000509 -0.003558 -0.360232 -0.000591 -0.999733 0.023082 32.375416
-0.003025 0.023057 0.999730 -0.930545 -0.999995 -0.000861 -0.003006 -0.372019 0.000791 -0.999734 0.023059 33.430035
-0.002098 0.023825 0.999714 -0.960835 -0.999991 -0.003779 -0.002009 -0.386916 0.003730 -0.999709 0.023832 34.477997
-0.002069 0.024922 0.999687 -0.988846 -0.999970 -0.007573 -0.001881 -0.396596 0.007524 -0.999661 0.024937 35.552418
-0.001947 0.025468 0.999674 -1.023213 -0.999946 -0.010229 -0.001687 -0.408045 0.010182 -0.999623 0.025486 36.618198
-0.002186 0.026133 0.999656 -1.060385 -0.999939 -0.010925 -0.001901 -0.408938 0.010871 -0.999599 0.026156 37.697166
-0.001718 0.026584 0.999645 -1.088185 -0.999951 -0.009737 -0.001460 -0.413001 0.009695 -0.999599 0.026599 38.784565
-0.002068 0.026888 0.999636 -1.130850 -0.999954 -0.009396 -0.001816 -0.417511 0.009344 -0.999594 0.026906 39.881294
-0.001714 0.028010 0.999606 -1.163737 -0.999944 -0.010530 -0.001419 -0.421925 0.010486 -0.999552 0.028026 40.969234
-0.001464 0.029492 0.999564 -1.204551 -0.999922 -0.012430 -0.001098 -0.430036 0.012392 -0.999488 0.029508 42.062805
-0.001452 0.030005 0.999549 -1.245253 -0.999889 -0.014855 -0.001006 -0.437278 0.014818 -0.999439 0.030023 43.148750
-0.002496 0.029413 0.999564 -1.280571 -0.999879 -0.015423 -0.002043 -0.445886 0.015356 -0.999448 0.029448 44.248161
-0.003822 0.029309 0.999563 -1.325800 -0.999925 -0.011745 -0.003479 -0.446311 0.011638 -0.999502 0.029351 45.324100
-0.005035 0.031084 0.999504 -1.362247 -0.999958 -0.007843 -0.004793 -0.450878 0.007690 -0.999486 0.031122 46.408752
-0.005197 0.031231 0.999499 -1.405114 -0.999960 -0.007501 -0.004965 -0.456475 0.007342 -0.999484 0.031269 47.494625
-0.005662 0.030015 0.999534 -1.444180 -0.999932 -0.010336 -0.005354 -0.465454 0.010170 -0.999496 0.030071 48.590328
-0.006449 0.029385 0.999547 -1.482497 -0.999906 -0.012304 -0.006090 -0.473135 0.012119 -0.999492 0.029462 49.687160
-0.004919 0.030148 0.999533 -1.512520 -0.999892 -0.014022 -0.004498 -0.479970 0.013880 -0.999447 0.030214 50.777744
-0.004626 0.029786 0.999546 -1.547252 -0.999902 -0.013369 -0.004229 -0.483771 0.013236 -0.999467 0.029845 51.866531
-0.003906 0.029141 0.999568 -1.592035 -0.999924 -0.011798 -0.003564 -0.488206 0.011689 -0.999506 0.029184 52.971283
-0.004056 0.028971 0.999572 -1.623058 -0.999944 -0.009860 -0.003771 -0.496702 0.009747 -0.999532 0.029009 54.064240
-0.002852 0.028736 0.999583 -1.669945 -0.999969 -0.007395 -0.002641 -0.503644 0.007316 -0.999560 0.028756 55.155556
-0.001237 0.029420 0.999566 -1.698467 -0.999991 -0.004110 -0.001117 -0.516281 0.004075 -0.999559 0.029425 56.249443
0.000548 0.029188 0.999574 -1.738896 -0.999996 -0.002612 0.000625 -0.528959 0.002629 -0.999571 0.029186 57.347595
0.002164 0.029454 0.999564 -1.772088 -0.999984 -0.005091 0.002315 -0.542170 0.005157 -0.999553 0.029442 58.440403
0.003877 0.029471 0.999558 -1.810286 -0.999927 -0.011321 0.004212 -0.549968 0.011440 -0.999502 0.029425 59.557568
0.005237 0.029630 0.999547 -1.838869 -0.999830 -0.017497 0.005758 -0.551320 0.017660 -0.999408 0.029533 60.660603
0.007288 0.029193 0.999547 -1.878025 -0.999802 -0.018307 0.007825 -0.557760 0.018527 -0.999406 0.029053 61.762985
0.010396 0.028405 0.999542 -1.919101 -0.999824 -0.015288 0.010834 -0.557013 0.015589 -0.999480 0.028241 62.865456
0.011858 0.028016 0.999537 -1.952017 -0.999851 -0.012179 0.012203 -0.556599 0.012515 -0.999533 0.027868 63.960197
0.010380 0.027255 0.999575 -1.988518 -0.999908 -0.008416 0.010613 -0.559495 0.008702 -0.999593 0.027165 65.063011
0.010188 0.027084 0.999581 -2.025645 -0.999939 -0.004108 0.010303 -0.567581 0.004385 -0.999625 0.027040 66.177177
0.006811 0.026604 0.999623 -2.062122 -0.999969 -0.003777 0.006914 -0.585052 0.003959 -0.999639 0.026578 67.288200
0.002994 0.025751 0.999664 -2.107926 -0.999965 -0.007753 0.003195 -0.602014 0.007832 -0.999638 0.025726 68.402290
0.001608 0.026461 0.999649 -2.151192 -0.999950 -0.009879 0.001870 -0.608954 0.009925 -0.999601 0.026444 69.516159
0.002178 0.026361 0.999650 -2.192250 -0.999940 -0.010663 0.002460 -0.615196 0.010724 -0.999596 0.026337 70.635269
0.004220 0.025647 0.999662 -2.234987 -0.999922 -0.011614 0.004519 -0.622200 0.011726 -0.999604 0.025596 71.748047
0.005754 0.025655 0.999654 -2.263501 -0.999895 -0.013178 0.006094 -0.628515 0.013329 -0.999584 0.025577 72.848473
0.007412 0.025910 0.999637 -2.292548 -0.999845 -0.015770 0.007823 -0.639495 0.015967 -0.999540 0.025789 73.962799
0.008344 0.026276 0.999620 -2.331292 -0.999810 -0.017398 0.008803 -0.644559 0.017622 -0.999503 0.026125 75.086670
0.009116 0.027142 0.999590 -2.355510 -0.999817 -0.016567 0.009568 -0.652199 0.016820 -0.999494 0.026986 76.174660
0.008665 0.027439 0.999586 -2.396780 -0.999878 -0.012748 0.009018 -0.654609 0.012990 -0.999542 0.027325 77.270439
0.008810 0.027653 0.999579 -2.430717 -0.999902 -0.010658 0.009108 -0.657728 0.010906 -0.999561 0.027556 78.356262
0.006372 0.027598 0.999599 -2.487000 -0.999897 -0.012648 0.006723 -0.670890 0.012829 -0.999539 0.027515 79.454849
0.005217 0.027687 0.999603 -2.534348 -0.999836 -0.017208 0.005695 -0.678832 0.017358 -0.999469 0.027592 80.549698
0.004133 0.028369 0.999589 -2.567171 -0.999764 -0.021198 0.004735 -0.678714 0.021324 -0.999373 0.028275 81.644783
0.002812 0.028608 0.999587 -2.598488 -0.999758 -0.021745 0.003434 -0.676146 0.021834 -0.999354 0.028540 82.737061
0.002948 0.029063 0.999573 -2.640446 -0.999802 -0.019571 0.003518 -0.666915 0.019665 -0.999386 0.029000 83.819389
0.003515 0.030009 0.999543 -2.671989 -0.999810 -0.019069 0.004089 -0.661653 0.019183 -0.999368 0.029937 84.892990
0.004303 0.030374 0.999529 -2.714091 -0.999811 -0.018849 0.004877 -0.662013 0.018989 -0.999361 0.030287 85.948990
0.005769 0.030542 0.999517 -2.759480 -0.999799 -0.019004 0.006352 -0.670844 0.019189 -0.999353 0.030426 86.992363
0.006823 0.030648 0.999507 -2.799899 -0.999760 -0.020579 0.007456 -0.675218 0.020797 -0.999318 0.030500 88.027306
0.006725 0.031346 0.999486 -2.833846 -0.999696 -0.023482 0.007463 -0.678272 0.023703 -0.999233 0.031178 89.046806
0.007849 0.031994 0.999457 -2.871450 -0.999658 -0.024673 0.008640 -0.678909 0.024936 -0.999184 0.031790 90.037086
0.008944 0.035189 0.999341 -2.895465 -0.999633 -0.025254 0.009835 -0.678107 0.025583 -0.999062 0.034950 91.011551
0.009825 0.038275 0.999219 -2.942098 -0.999644 -0.024423 0.010765 -0.676348 0.024816 -0.998969 0.038022 91.956573
0.010516 0.041388 0.999088 -2.986108 -0.999663 -0.023276 0.011487 -0.671214 0.023730 -0.998872 0.041129 92.875679
0.010717 0.043953 0.998976 -3.028374 -0.999653 -0.023559 0.011761 -0.678529 0.024052 -0.998756 0.043685 93.778893
0.009633 0.046649 0.998865 -3.077198 -0.999639 -0.024616 0.010790 -0.679634 0.025091 -0.998608 0.046396 94.653725
0.008737 0.049279 0.998747 -3.126472 -0.999623 -0.025572 0.010006 -0.680490 0.026033 -0.998458 0.049037 95.500069
0.007754 0.052049 0.998614 -3.180674 -0.999594 -0.026983 0.009168 -0.678473 0.027423 -0.998280 0.051819 96.335594
0.005917 0.054159 0.998515 -3.234358 -0.999577 -0.028116 0.007448 -0.683592 0.028477 -0.998137 0.053969 97.130692
0.004029 0.056785 0.998378 -3.283915 -0.999573 -0.028658 0.005664 -0.679594 0.028933 -0.997975 0.056646 97.914696
0.002202 0.059318 0.998237 -3.332514 -0.999609 -0.027693 0.003851 -0.681095 0.027872 -0.997855 0.059234 98.661797
0.001805 0.061442 0.998109 -3.388628 -0.999703 -0.024141 0.003294 -0.687953 0.024298 -0.997819 0.061380 99.377365
-0.000575 0.063565 0.997978 -3.442513 -0.999786 -0.020697 0.000742 -0.691122 0.020703 -0.997763 0.063563 100.053322
-0.001909 0.065350 0.997861 -3.494123 -0.999843 -0.017707 -0.000753 -0.690469 0.017620 -0.997705 0.065374 100.688011
-0.003704 0.066158 0.997802 -3.536595 -0.999855 -0.016860 -0.002594 -0.699071 0.016652 -0.997667 0.066210 101.314796
-0.005955 0.064889 0.997875 -3.587996 -0.999837 -0.017429 -0.004833 -0.706365 0.017078 -0.997740 0.064982 101.904007
-0.009841 0.061551 0.998056 -3.627939 -0.999784 -0.018878 -0.008694 -0.707778 0.018306 -0.997926 0.061723 102.471634
-0.012318 0.056052 0.998352 -3.661106 -0.999721 -0.020818 -0.011166 -0.716221 0.020158 -0.998211 0.056293 103.029671
-0.013049 0.048693 0.998729 -3.687749 -0.999670 -0.022726 -0.011953 -0.710970 0.022115 -0.998555 0.048973 103.538414
-0.012919 0.038625 0.999170 -3.708132 -0.999608 -0.025341 -0.011945 -0.709758 0.024858 -0.998932 0.038937 104.043076
-0.012480 0.026369 0.999574 -3.713460 -0.999571 -0.026830 -0.011772 -0.718303 0.026508 -0.999292 0.026693 104.526642
-0.011701 0.012538 0.999853 -3.706695 -0.999574 -0.026890 -0.011360 -0.723255 0.026743 -0.999560 0.012847 104.992996
-0.011336 -0.002496 0.999933 -3.687928 -0.999597 -0.026015 -0.011397 -0.726704 0.026041 -0.999658 -0.002200 105.434471
-0.010608 -0.020825 0.999727 -3.663349 -0.999676 -0.022934 -0.011085 -0.724341 0.023159 -0.999520 -0.020575 105.861191
-0.010267 -0.042009 0.999065 -3.622478 -0.999769 -0.018442 -0.011050 -0.725569 0.018889 -0.998947 -0.041810 106.291840
-0.008786 -0.066714 0.997734 -3.583521 -0.999853 -0.014081 -0.009747 -0.727010 0.014699 -0.997673 -0.066580 106.687943
-0.006466 -0.093938 0.995557 -3.522572 -0.999905 -0.011541 -0.007583 -0.726930 0.012202 -0.995511 -0.093855 107.092705
-0.003542 -0.122937 0.992408 -3.443440 -0.999936 -0.010208 -0.004833 -0.735890 0.010725 -0.992362 -0.122893 107.496918
-0.001428 -0.155200 0.987882 -3.359464 -0.999963 -0.008200 -0.002733 -0.739606 0.008525 -0.987849 -0.155183 107.876389
0.000914 -0.191004 0.981589 -3.259673 -0.999976 -0.006863 -0.000404 -0.745972 0.006813 -0.981565 -0.191006 108.257248
0.005170 -0.229711 0.973245 -3.141728 -0.999964 -0.007671 0.003501 -0.760978 0.006662 -0.973229 -0.229743 108.615845
0.005716 -0.270602 0.962674 -3.019240 -0.999971 -0.006510 0.004107 -0.752408 0.005155 -0.962669 -0.270631 108.958549
0.005314 -0.312933 0.949760 -2.879952 -0.999975 -0.006147 0.003570 -0.762221 0.004721 -0.949755 -0.312958 109.299492
0.003466 -0.357700 0.933830 -2.736396 -0.999981 -0.005994 0.001416 -0.762976 0.005091 -0.933817 -0.357714 109.625427
0.005084 -0.402887 0.915236 -2.571038 -0.999963 -0.008387 0.001862 -0.772198 0.006926 -0.915211 -0.402915 109.953278
0.005050 -0.447062 0.894488 -2.377991 -0.999958 -0.009060 0.001117 -0.765775 0.007605 -0.894457 -0.447090 110.263023
0.006590 -0.492023 0.870557 -2.177545 -0.999958 -0.008730 0.002636 -0.769772 0.006303 -0.870539 -0.492060 110.559494
0.006159 -0.534831 0.844936 -1.961601 -0.999969 -0.007486 0.002551 -0.782105 0.004961 -0.844926 -0.534861 110.824989
0.004028 -0.577902 0.816096 -1.735267 -0.999989 -0.004431 0.001798 -0.791762 0.002577 -0.816094 -0.577913 111.113846
-0.000829 -0.620250 0.784404 -1.499810 -1.000000 0.000698 -0.000504 -0.788502 -0.000235 -0.784404 -0.620251 111.374084
-0.006971 -0.661982 0.749488 -1.242231 -0.999976 0.004556 -0.005277 -0.792773 0.000078 -0.749506 -0.661997 111.636353
-0.011767 -0.701810 0.712267 -0.966453 -0.999931 0.008478 -0.008166 -0.782154 -0.000307 -0.712314 -0.701861 111.860275
-0.011897 -0.740571 0.671873 -0.669501 -0.999928 0.009659 -0.007059 -0.785449 -0.001262 -0.671909 -0.740633 112.090790
-0.009319 -0.776595 0.629931 -0.352767 -0.999955 0.008306 -0.004553 -0.791648 -0.001697 -0.629945 -0.776638 112.296379
-0.007152 -0.810886 0.585160 -0.022626 -0.999974 0.005938 -0.003993 -0.791036 -0.000237 -0.585174 -0.810908 112.489197
-0.005542 -0.842938 0.537983 0.323926 -0.999981 0.003256 -0.005199 -0.797471 0.002631 -0.538001 -0.842940 112.675095
-0.003047 -0.872086 0.489342 0.679648 -0.999992 0.001449 -0.003645 -0.792834 0.002470 -0.489350 -0.872084 112.833626
0.000958 -0.899084 0.437775 1.060330 -0.999993 -0.002432 -0.002805 -0.800748 0.003587 -0.437769 -0.899080 112.985352
0.000700 -0.922697 0.385526 1.445501 -0.999983 -0.002889 -0.005098 -0.793956 0.005818 -0.385516 -0.922683 113.117836
-0.003870 -0.942562 0.334009 1.822081 -0.999944 0.000368 -0.010548 -0.808048 0.009820 -0.334031 -0.942511 113.222122
-0.008691 -0.959073 0.283026 2.212781 -0.999904 0.005286 -0.012790 -0.819602 0.010770 -0.283110 -0.959027 113.306984
-0.010888 -0.971730 0.235843 2.631598 -0.999891 0.008229 -0.012253 -0.821595 0.009965 -0.235950 -0.971714 113.378120
-0.010510 -0.980943 0.194011 3.054562 -0.999937 0.009565 -0.005806 -0.829441 0.003840 -0.194060 -0.980982 113.428719
-0.010323 -0.987303 0.158510 3.495312 -0.999944 0.010586 0.000814 -0.839316 -0.002482 -0.158492 -0.987357 113.461601
-0.011559 -0.991739 0.127754 3.969093 -0.999913 0.012274 0.004811 -0.846742 -0.006340 -0.127688 -0.991794 113.498863
-0.009966 -0.994999 0.099392 4.449339 -0.999944 0.010284 0.002692 -0.850826 -0.003701 -0.099360 -0.995045 113.538071
-0.006326 -0.997274 0.073515 4.965928 -0.999972 0.006011 -0.004503 -0.858167 0.004049 -0.073542 -0.997284 113.581215
-0.002298 -0.998776 0.049402 5.487312 -0.999955 0.001841 -0.009287 -0.861025 0.009185 -0.049421 -0.998736 113.605904
0.000516 -0.999652 0.026378 6.028306 -0.999983 -0.000669 -0.005782 -0.880666 0.005798 -0.026375 -0.999635 113.612457
-0.000039 -0.999982 0.005981 6.556140 -0.999999 0.000048 0.001649 -0.894332 -0.001650 -0.005981 -0.999981 113.586769
-0.002385 -0.999933 -0.011358 7.112136 -0.999980 0.002319 0.005835 -0.908148 -0.005809 0.011371 -0.999919 113.553558
-0.007944 -0.999635 -0.025834 7.680902 -0.999947 0.007773 0.006732 -0.903758 -0.006529 0.025886 -0.999644 113.526955
-0.012379 -0.999235 -0.037099 8.293864 -0.999918 0.012247 0.003799 -0.908495 -0.003342 0.037143 -0.999304 113.512970
-0.011930 -0.998959 -0.044039 8.937866 -0.999916 0.011697 0.005558 -0.921598 -0.005037 0.044102 -0.999014 113.493195
-0.008882 -0.998862 -0.046852 9.589054 -0.999892 0.008322 0.012128 -0.929657 -0.011724 0.046954 -0.998828 113.453491
-0.007377 -0.998894 -0.046438 10.245274 -0.999883 0.006747 0.013697 -0.938007 -0.013369 0.046534 -0.998827 113.413391
-0.007002 -0.998972 -0.044798 10.933842 -0.999900 0.006442 0.012617 -0.947622 -0.012316 0.044882 -0.998917 113.391556
-0.006993 -0.999015 -0.043810 11.643930 -0.999939 0.006611 0.008855 -0.961413 -0.008557 0.043870 -0.999001 113.376846
-0.008435 -0.999058 -0.042577 12.370545 -0.999933 0.008087 0.008332 -0.961977 -0.007980 0.042645 -0.999058 113.346886
-0.009404 -0.999072 -0.042040 13.109607 -0.999927 0.009075 0.008007 -0.970610 -0.007618 0.042112 -0.999084 113.326469
-0.008712 -0.999096 -0.041608 13.868235 -0.999942 0.008437 0.006769 -0.987527 -0.006412 0.041664 -0.999111 113.306885
-0.007134 -0.999120 -0.041324 14.651752 -0.999959 0.006893 0.005957 -1.004677 -0.005667 0.041365 -0.999128 113.283203
-0.005919 -0.999149 -0.040818 15.448987 -0.999960 0.005637 0.007020 -1.016597 -0.006784 0.040858 -0.999142 113.243256
-0.003405 -0.999118 -0.041847 16.228941 -0.999966 0.003087 0.007659 -1.036660 -0.007523 0.041872 -0.999095 113.218796
-0.001730 -0.999062 -0.043271 17.025721 -0.999987 0.001522 0.004833 -1.047767 -0.004762 0.043279 -0.999052 113.196495
-0.000487 -0.999012 -0.044431 17.835079 -0.999992 0.000308 0.004032 -1.065205 -0.004015 0.044433 -0.999004 113.162788
0.002122 -0.998953 -0.045689 18.654861 -0.999974 -0.002434 0.006772 -1.077878 -0.006876 0.045673 -0.998933 113.119324
0.003554 -0.998876 -0.047258 19.472269 -0.999963 -0.003921 0.007664 -1.087412 -0.007840 0.047229 -0.998853 113.081955
0.004574 -0.998759 -0.049598 20.335396 -0.999975 -0.004836 0.005175 -1.095678 -0.005408 0.049573 -0.998756 113.065086
-0.000206 -0.998716 -0.050657 21.169285 -0.999997 0.000093 0.002223 -1.102203 -0.002215 0.050657 -0.998714 113.030304
-0.004746 -0.998660 -0.051535 22.009531 -0.999984 0.004580 0.003339 -1.114470 -0.003098 0.051550 -0.998666 112.987366
-0.006461 -0.998572 -0.053039 22.871584 -0.999975 0.006293 0.003337 -1.127753 -0.002999 0.053059 -0.998587 112.950600
-0.004072 -0.998497 -0.054653 23.730885 -0.999991 0.004118 -0.000729 -1.145693 0.000953 0.054649 -0.998505 112.910912
0.000113 -0.998427 -0.056069 24.581947 -0.999994 0.000083 -0.003486 -1.158960 0.003485 0.056069 -0.998421 112.878944
0.005442 -0.998392 -0.056430 25.447218 -0.999973 -0.005150 -0.005312 -1.174402 0.005013 0.056457 -0.998392 112.835487
0.011044 -0.998312 -0.057015 26.305088 -0.999907 -0.010569 -0.008620 -1.178566 0.008003 0.057105 -0.998336 112.799751
0.012607 -0.998276 -0.057325 27.159369 -0.999866 -0.011988 -0.011129 -1.193355 0.010422 0.057457 -0.998294 112.767334
0.005589 -0.998383 -0.056567 28.003155 -0.999954 -0.005137 -0.008127 -1.210454 0.007823 0.056610 -0.998366 112.720177
-0.005376 -0.998436 -0.055656 28.843794 -0.999966 0.005714 -0.005920 -1.225567 0.006229 0.055623 -0.998433 112.676460
-0.010535 -0.998402 -0.055530 29.672249 -0.999935 0.010767 -0.003887 -1.238368 0.004478 0.055486 -0.998450 112.635208
-0.005113 -0.998501 -0.054497 30.502068 -0.999982 0.005281 -0.002952 -1.257561 0.003235 0.054481 -0.998510 112.590797
0.002802 -0.998545 -0.053861 31.344185 -0.999996 -0.002792 -0.000274 -1.279526 0.000124 0.053861 -0.998549 112.546066
0.005507 -0.998538 -0.053778 32.185181 -0.999984 -0.005577 0.001157 -1.290688 -0.001455 0.053770 -0.998552 112.509224
0.004816 -0.998513 -0.054297 33.026306 -0.999988 -0.004879 0.001020 -1.300033 -0.001284 0.054291 -0.998524 112.475250
0.004161 -0.998453 -0.055453 33.850952 -0.999990 -0.004055 -0.002017 -1.316694 0.001789 0.055461 -0.998459 112.437737
0.004158 -0.998337 -0.057499 34.673962 -0.999982 -0.003901 -0.004574 -1.328145 0.004342 0.057517 -0.998335 112.394318
0.003996 -0.998201 -0.059831 35.494713 -0.999984 -0.003749 -0.004241 -1.337678 0.004009 0.059847 -0.998200 112.355141
0.003489 -0.998064 -0.062093 36.296932 -0.999987 -0.003244 -0.004055 -1.349144 0.003846 0.062107 -0.998062 112.307396
0.003336 -0.997919 -0.064400 37.095303 -0.999979 -0.002976 -0.005682 -1.361387 0.005479 0.064418 -0.997908 112.262901
0.004033 -0.997777 -0.066524 37.916065 -0.999972 -0.003609 -0.006486 -1.372178 0.006231 0.066548 -0.997764 112.220352
0.005216 -0.997586 -0.069246 38.737019 -0.999968 -0.004781 -0.006460 -1.387115 0.006113 0.069278 -0.997579 112.178650
0.005101 -0.997433 -0.071424 39.515423 -0.999965 -0.004615 -0.006968 -1.403471 0.006620 0.071457 -0.997422 112.123978
0.003935 -0.997306 -0.073255 40.291706 -0.999969 -0.003427 -0.007061 -1.412267 0.006791 0.073281 -0.997288 112.069359
0.003738 -0.997188 -0.074848 41.085247 -0.999971 -0.003228 -0.006937 -1.424635 0.006676 0.074872 -0.997171 112.023727
0.004452 -0.997082 -0.076214 41.879677 -0.999982 -0.004131 -0.004378 -1.434128 0.004050 0.076232 -0.997082 111.967613
0.005264 -0.996907 -0.078414 42.669472 -0.999978 -0.004921 -0.004569 -1.451322 0.004169 0.078436 -0.996911 111.921852
0.005925 -0.996792 -0.079819 43.441021 -0.999964 -0.005426 -0.006468 -1.466797 0.006014 0.079855 -0.996788 111.865921
0.006709 -0.996661 -0.081373 44.204964 -0.999950 -0.006080 -0.007981 -1.477190 0.007459 0.081422 -0.996652 111.817123
0.008227 -0.996556 -0.082511 44.951519 -0.999931 -0.007504 -0.009063 -1.494464 0.008413 0.082580 -0.996549 111.767647
0.008008 -0.996494 -0.083276 45.670418 -0.999937 -0.007327 -0.008480 -1.502055 0.007840 0.083339 -0.996490 111.710602
0.005867 -0.996464 -0.083816 46.375984 -0.999945 -0.005112 -0.009210 -1.518368 0.008749 0.083865 -0.996439 111.658913
0.002868 -0.996446 -0.084182 47.075977 -0.999961 -0.002151 -0.008616 -1.529212 0.008404 0.084203 -0.996413 111.606094
0.001405 -0.996417 -0.084568 47.779579 -0.999937 -0.000456 -0.011246 -1.542994 0.011167 0.084578 -0.996354 111.553108
0.000724 -0.996397 -0.084806 48.465485 -0.999940 0.000204 -0.010937 -1.558487 0.010915 0.084809 -0.996338 111.495766
0.000873 -0.996355 -0.085301 49.175053 -0.999952 -0.000033 -0.009846 -1.573199 0.009807 0.085306 -0.996307 111.444618
0.001235 -0.996286 -0.086102 49.884365 -0.999953 -0.000404 -0.009678 -1.588638 0.009607 0.086110 -0.996239 111.394661
0.000896 -0.996261 -0.086393 50.567532 -0.999921 0.000192 -0.012583 -1.597329 0.012553 0.086397 -0.996182 111.342529
0.000751 -0.996242 -0.086606 51.265434 -0.999880 0.000591 -0.015473 -1.613118 0.015466 0.086607 -0.996123 111.295326
0.002107 -0.996233 -0.086687 51.938553 -0.999908 -0.000936 -0.013546 -1.630012 0.013414 0.086707 -0.996143 111.234978
0.002071 -0.996114 -0.088051 52.618786 -0.999926 -0.001006 -0.012136 -1.633683 0.012000 0.088070 -0.996042 111.182487
0.002756 -0.995798 -0.091540 53.277599 -0.999879 -0.001343 -0.015502 -1.647139 0.015314 0.091571 -0.995681 111.124977
0.003325 -0.995266 -0.097134 53.948006 -0.999799 -0.001390 -0.019984 -1.660603 0.019755 0.097181 -0.995071 111.072189
-0.000815 -0.994657 -0.103233 54.601639 -0.999864 0.002511 -0.016296 -1.673131 0.016468 0.103206 -0.994524 110.999680
-0.003960 -0.993949 -0.109770 55.267586 -0.999895 0.005468 -0.013439 -1.683404 0.013958 0.109705 -0.993866 110.919205
-0.005512 -0.993083 -0.117289 55.948776 -0.999859 0.007335 -0.015123 -1.698140 0.015879 0.117189 -0.992983 110.843102
-0.004695 -0.992277 -0.123956 56.629829 -0.999785 0.007161 -0.019457 -1.712161 0.020195 0.123838 -0.992097 110.768143
-0.003768 -0.991626 -0.129091 57.300781 -0.999795 0.006304 -0.019244 -1.723266 0.019897 0.128992 -0.991446 110.675148
-0.004094 -0.990988 -0.133886 58.002167 -0.999736 0.007085 -0.021875 -1.741535 0.022626 0.133761 -0.990755 110.587761
-0.003752 -0.990385 -0.138286 58.704220 -0.999703 0.007047 -0.023340 -1.753821 0.024090 0.138158 -0.990117 110.501335
-0.000722 -0.990032 -0.140843 59.406254 -0.999727 0.004004 -0.023022 -1.765430 0.023356 0.140788 -0.989764 110.402603
0.002388 -0.989692 -0.143191 60.122025 -0.999780 0.000619 -0.020950 -1.781170 0.020822 0.143209 -0.989473 110.308189
0.005121 -0.989430 -0.144918 60.844929 -0.999759 -0.001975 -0.021843 -1.796560 0.021325 0.144995 -0.989203 110.210030
0.005331 -0.989195 -0.146508 61.565308 -0.999731 -0.001965 -0.023116 -1.807067 0.022578 0.146592 -0.988939 110.112053
0.001400 -0.989135 -0.147002 62.293926 -0.999768 0.001778 -0.021487 -1.816851 0.021515 0.146998 -0.988903 110.003891
-0.003035 -0.989013 -0.147800 63.036671 -0.999863 0.005409 -0.015667 -1.829248 0.016294 0.147732 -0.988893 109.895935
-0.008200 -0.988876 -0.148519 63.772766 -0.999918 0.009571 -0.008514 -1.844427 0.009840 0.148437 -0.988873 109.777550
-0.009511 -0.988697 -0.149625 64.517540 -0.999909 0.010831 -0.008012 -1.859885 0.009542 0.149535 -0.988711 109.670425
-0.007139 -0.988646 -0.150094 65.259506 -0.999906 0.008809 -0.010468 -1.879527 0.011671 0.150005 -0.988616 109.565430
-0.002383 -0.988664 -0.150123 66.010841 -0.999936 0.004018 -0.010595 -1.892721 0.011078 0.150088 -0.988611 109.456184
-0.000364 -0.988573 -0.150745 66.764725 -0.999953 0.001818 -0.009503 -1.912502 0.009668 0.150735 -0.988527 109.346352
-0.000363 -0.988398 -0.151886 67.507271 -0.999958 0.001757 -0.009050 -1.926697 0.009212 0.151876 -0.988357 109.237358
-0.000965 -0.988116 -0.153709 68.231522 -0.999934 0.002708 -0.011137 -1.944039 0.011421 0.153688 -0.988054 109.126076
-0.002190 -0.987757 -0.155984 68.958305 -0.999930 0.003981 -0.011175 -1.958765 0.011659 0.155948 -0.987697 109.013565
-0.002455 -0.987392 -0.158273 69.710800 -0.999947 0.004013 -0.009526 -1.975376 0.010041 0.158241 -0.987350 108.904076
-0.002788 -0.987070 -0.160264 70.440742 -0.999950 0.004287 -0.009008 -1.988570 0.009579 0.160231 -0.987033 108.785370
-0.002516 -0.986680 -0.162655 71.184639 -0.999941 0.004196 -0.009982 -2.004139 0.010531 0.162620 -0.986633 108.671219
-0.002524 -0.986343 -0.164686 71.960518 -0.999904 0.004730 -0.013006 -2.026834 0.013607 0.164637 -0.986260 108.558220
-0.004467 -0.986111 -0.166026 72.737473 -0.999891 0.006737 -0.013111 -2.038718 0.014047 0.165949 -0.986034 108.438362
-0.004963 -0.985961 -0.166903 73.474899 -0.999875 0.007400 -0.013986 -2.051250 0.015025 0.166813 -0.985874 108.312202
-0.005029 -0.985721 -0.168314 74.236069 -0.999856 0.007680 -0.015103 -2.076956 0.016180 0.168214 -0.985618 108.185051
-0.003722 -0.985505 -0.169605 75.023880 -0.999887 0.006141 -0.013736 -2.089489 0.014579 0.169535 -0.985416 108.060074
-0.001668 -0.985325 -0.170680 75.808907 -0.999875 0.004327 -0.015206 -2.098255 0.015721 0.170633 -0.985209 107.933846
0.000191 -0.984958 -0.172793 76.594101 -0.999837 0.002928 -0.017794 -2.108645 0.018032 0.172768 -0.984798 107.810638
0.000759 -0.984523 -0.175257 77.402283 -0.999849 0.002299 -0.017245 -2.130087 0.017381 0.175243 -0.984372 107.680161
0.000038 -0.984164 -0.177262 78.200180 -0.999863 0.002899 -0.016311 -2.146478 0.016566 0.177239 -0.984029 107.541679
-0.001626 -0.983698 -0.179823 79.006432 -0.999839 0.004816 -0.017302 -2.155741 0.017886 0.179766 -0.983547 107.406593
-0.005151 -0.983372 -0.181529 79.810394 -0.999840 0.008179 -0.015940 -2.174596 0.017159 0.181418 -0.983257 107.262161
-0.009313 -0.983237 -0.182095 80.618889 -0.999846 0.011870 -0.012959 -2.198789 0.014903 0.181946 -0.983196 107.119545
-0.013142 -0.982893 -0.183707 81.437630 -0.999802 0.015667 -0.012300 -2.224903 0.014967 0.183509 -0.982904 106.976982
-0.014741 -0.982885 -0.183628 82.266708 -0.999816 0.016739 -0.009334 -2.243598 0.012248 0.183456 -0.982952 106.828033
-0.014620 -0.982911 -0.183502 83.112473 -0.999859 0.015886 -0.005427 -2.269600 0.008249 0.183397 -0.983004 106.680107
-0.012520 -0.982895 -0.183740 83.933556 -0.999886 0.013857 -0.005994 -2.298351 0.008438 0.183644 -0.982957 106.530487
-0.011007 -0.983052 -0.182997 84.777786 -0.999902 0.012411 -0.006528 -2.324328 0.008689 0.182907 -0.983092 106.381531
-0.008966 -0.983359 -0.181449 85.633087 -0.999919 0.010466 -0.007306 -2.344105 0.009083 0.181369 -0.983373 106.236725
-0.006185 -0.983660 -0.179931 86.484535 -0.999955 0.007392 -0.006038 -2.360917 0.007269 0.179885 -0.983661 106.089783
-0.003188 -0.983948 -0.178427 87.334396 -0.999975 0.004273 -0.005701 -2.378817 0.006372 0.178405 -0.983937 105.939201
-0.002834 -0.984231 -0.176865 88.189842 -0.999958 0.004335 -0.008102 -2.404162 0.008741 0.176834 -0.984202 105.792244
-0.007443 -0.984467 -0.175414 89.049675 -0.999941 0.008708 -0.006446 -2.424348 0.007873 0.175356 -0.984474 105.639656
-0.013707 -0.984693 -0.173760 89.906784 -0.999865 0.015065 -0.006501 -2.448871 0.009019 0.173648 -0.984767 105.495628
-0.017033 -0.984846 -0.172594 90.754234 -0.999791 0.018733 -0.008224 -2.473575 0.011333 0.172418 -0.984959 105.356804
-0.014670 -0.985143 -0.171106 91.615295 -0.999819 0.016524 -0.009412 -2.496103 0.012100 0.170937 -0.985208 105.215073
-0.012440 -0.985336 -0.170170 92.510460 -0.999854 0.014256 -0.009454 -2.521340 0.011742 0.170027 -0.985370 105.058350
-0.011147 -0.985357 -0.170140 93.394203 -0.999881 0.012799 -0.008619 -2.547701 0.010670 0.170024 -0.985382 104.923058
-0.010923 -0.985512 -0.169254 94.253281 -0.999886 0.012523 -0.008389 -2.582865 0.010387 0.169143 -0.985537 104.780876
-0.010760 -0.985496 -0.169361 95.113464 -0.999867 0.012685 -0.010291 -2.605820 0.012290 0.169227 -0.985501 104.647316
-0.009459 -0.985553 -0.169105 95.974770 -0.999910 0.010937 -0.007810 -2.628414 0.009547 0.169016 -0.985567 104.506760
-0.008853 -0.985720 -0.168162 96.834358 -0.999936 0.009911 -0.005454 -2.654615 0.007043 0.168103 -0.985744 104.357635
-0.010366 -0.985836 -0.167391 97.702103 -0.999933 0.011082 -0.003343 -2.680169 0.005151 0.167346 -0.985885 104.205040
-0.012611 -0.985914 -0.166777 98.560287 -0.999908 0.013269 -0.002831 -2.705350 0.005004 0.166726 -0.985991 104.066147
-0.014033 -0.986050 -0.165858 99.407013 -0.999873 0.015088 -0.005099 -2.734596 0.007531 0.165766 -0.986136 103.926819
-0.009689 -0.986136 -0.165655 100.271721 -0.999880 0.011563 -0.010352 -2.762253 0.012124 0.165535 -0.986130 103.796104
-0.007664 -0.986072 -0.166141 101.123451 -0.999822 0.010420 -0.015721 -2.790031 0.017233 0.165991 -0.985977 103.669426
-0.008013 -0.985870 -0.167322 101.976730 -0.999756 0.011340 -0.018935 -2.817780 0.020565 0.167130 -0.985720 103.536346
-0.012397 -0.985573 -0.168795 102.822449 -0.999610 0.016437 -0.022558 -2.844602 0.025007 0.168450 -0.985393 103.401039
-0.015185 -0.985370 -0.169749 103.660950 -0.999559 0.019292 -0.022575 -2.870089 0.025520 0.169332 -0.985229 103.266785
-0.015680 -0.985287 -0.170184 104.500687 -0.999574 0.019637 -0.021589 -2.902049 0.024613 0.169773 -0.985176 103.124100
-0.015317 -0.985165 -0.170924 105.339615 -0.999598 0.019168 -0.020904 -2.934133 0.023871 0.170535 -0.985063 102.984489
-0.016128 -0.985051 -0.171508 106.168701 -0.999619 0.019728 -0.019301 -2.969919 0.022396 0.171132 -0.984993 102.842903
-0.019715 -0.984911 -0.171934 106.978432 -0.999583 0.023050 -0.017421 -3.000184 0.021121 0.171519 -0.984954 102.702271
-0.020776 -0.984759 -0.172680 107.787178 -0.999538 0.024291 -0.018269 -3.041932 0.022185 0.172221 -0.984809 102.566475
-0.021291 -0.984516 -0.173996 108.599869 -0.999477 0.025199 -0.020279 -3.071282 0.024349 0.173473 -0.984538 102.431747
-0.020178 -0.984102 -0.176455 109.400360 -0.999467 0.024388 -0.021722 -3.108748 0.025680 0.175922 -0.984069 102.298653
-0.021342 -0.983484 -0.179733 110.206085 -0.999435 0.025656 -0.021709 -3.147288 0.025961 0.179168 -0.983476 102.161621
-0.023717 -0.982806 -0.183111 110.991570 -0.999336 0.028374 -0.022857 -3.191147 0.027660 0.182447 -0.982827 102.020149
-0.025374 -0.982128 -0.186495 111.787964 -0.999256 0.030335 -0.023798 -3.220804 0.029030 0.185753 -0.982168 101.883385
-0.025664 -0.981460 -0.189939 112.567406 -0.999246 0.030726 -0.023753 -3.259235 0.029148 0.189186 -0.981508 101.740685
-0.024755 -0.980889 -0.192984 113.351204 -0.999322 0.029545 -0.021982 -3.292834 0.027263 0.192309 -0.980955 101.594086
-0.025450 -0.980344 -0.195648 114.109627 -0.999327 0.030124 -0.020952 -3.339465 0.026434 0.194983 -0.980450 101.443626
-0.029969 -0.979727 -0.198083 114.874565 -0.999045 0.035667 -0.025260 -3.375775 0.031813 0.197137 -0.979860 101.304672
-0.037132 -0.979170 -0.199620 115.644920 -0.998706 0.043309 -0.026665 -3.414800 0.034755 0.198371 -0.979511 101.163673
-0.040170 -0.978420 -0.202685 116.411095 -0.998682 0.045800 -0.023159 -3.456399 0.031942 0.201488 -0.978970 101.010101
-0.038785 -0.977858 -0.205643 117.177109 -0.998801 0.044087 -0.021264 -3.496526 0.029860 0.204572 -0.978396 100.850746
-0.031079 -0.977439 -0.208918 117.936226 -0.999076 0.036590 -0.022567 -3.543113 0.029702 0.208023 -0.977673 100.694717
-0.028723 -0.976965 -0.211458 118.695572 -0.999122 0.034512 -0.023738 -3.594164 0.030489 0.210591 -0.977099 100.540649
-0.031848 -0.976470 -0.213290 119.448616 -0.998984 0.037904 -0.024366 -3.633224 0.031877 0.212298 -0.976685 100.381752
-0.035157 -0.975720 -0.216184 120.200890 -0.998750 0.041995 -0.027120 -3.674557 0.035540 0.214960 -0.975976 100.226677
-0.037558 -0.975000 -0.219008 120.959511 -0.998626 0.044634 -0.027449 -3.724211 0.036538 0.217676 -0.975337 100.074745
-0.041859 -0.974416 -0.220818 121.696602 -0.998540 0.048352 -0.024081 -3.777796 0.034142 0.219487 -0.975018 99.905411
-0.046645 -0.973774 -0.222686 122.429878 -0.998307 0.053201 -0.023527 -3.822525 0.034757 0.221211 -0.974606 99.737274
-0.048777 -0.972860 -0.226195 123.176514 -0.998130 0.055829 -0.024883 -3.868788 0.036836 0.224558 -0.973764 99.585632
-0.046694 -0.972483 -0.228246 123.898659 -0.998301 0.053402 -0.023299 -3.917150 0.034847 0.226770 -0.973325 99.410461
-0.043276 -0.971744 -0.232036 124.630257 -0.998610 0.049070 -0.019254 -3.978090 0.030096 0.230880 -0.972517 99.231865
-0.042152 -0.970389 -0.237844 125.354111 -0.998715 0.047630 -0.017330 -4.026852 0.028145 0.236807 -0.971149 99.059860
-0.040789 -0.968894 -0.244092 126.072861 -0.998737 0.046710 -0.018515 -4.074514 0.029341 0.243028 -0.969575 98.881187
-0.041166 -0.966694 -0.252602 126.795944 -0.998683 0.047555 -0.019240 -4.121346 0.030611 0.251478 -0.967379 98.702934
-0.041779 -0.963872 -0.263069 127.509735 -0.998641 0.048495 -0.019088 -4.169258 0.031156 0.261914 -0.964588 98.511566
-0.042674 -0.960628 -0.274542 128.225479 -0.998579 0.049787 -0.018990 -4.220426 0.031911 0.273342 -0.961388 98.299316
-0.043763 -0.956976 -0.286848 128.931076 -0.998546 0.050945 -0.017619 -4.265821 0.031474 0.285660 -0.957814 98.087463
-0.044161 -0.953389 -0.298496 129.644165 -0.998611 0.050718 -0.014253 -4.313023 0.028728 0.297452 -0.954305 97.865608
-0.043990 -0.949864 -0.309553 130.324005 -0.998704 0.049753 -0.010742 -4.374199 0.025605 0.308680 -0.950822 97.640839
-0.044130 -0.946804 -0.318772 130.995468 -0.998805 0.048530 -0.005871 -4.429357 0.021028 0.318132 -0.947813 97.390732
-0.045296 -0.943716 -0.327640 131.676193 -0.998840 0.048142 -0.000577 -4.475517 0.016318 0.327234 -0.944803 97.148849
-0.045725 -0.941103 -0.335014 132.367050 -0.998888 0.046923 0.004522 -4.522103 0.011464 0.334848 -0.942202 96.897545
-0.046071 -0.938686 -0.341682 133.045807 -0.998870 0.047300 0.004736 -4.564720 0.011716 0.341514 -0.939804 96.660675
-0.044577 -0.937153 -0.346059 133.719055 -0.998978 0.044391 0.008466 -4.608544 0.007428 0.346083 -0.938174 96.403717
-0.042956 -0.936472 -0.348101 134.384857 -0.999077 0.040395 0.014612 -4.644588 0.000378 0.348407 -0.937343 96.148735
-0.042057 -0.936146 -0.349088 135.045654 -0.999091 0.036991 0.021169 -4.690638 -0.006904 0.349661 -0.936851 95.888618
-0.040644 -0.935841 -0.350073 135.721741 -0.999131 0.034805 0.022957 -4.733916 -0.009300 0.350701 -0.936441 95.641205
-0.046214 -0.935637 -0.349925 136.378204 -0.998886 0.039937 0.025139 -4.775784 -0.009546 0.350697 -0.936440 95.400955
-0.049588 -0.935905 -0.348745 137.032990 -0.998734 0.043503 0.025263 -4.811769 -0.008472 0.349556 -0.936877 95.161819
-0.049808 -0.936178 -0.347979 137.677933 -0.998698 0.042843 0.027685 -4.849245 -0.011010 0.348905 -0.937093 94.921829
-0.048691 -0.936859 -0.346300 138.330765 -0.998733 0.041254 0.028819 -4.886358 -0.012713 0.347264 -0.937681 94.678719
-0.045929 -0.937802 -0.344119 138.970032 -0.998818 0.037619 0.030788 -4.934759 -0.015928 0.345127 -0.938421 94.438766
-0.046720 -0.938096 -0.343209 139.608307 -0.998781 0.038390 0.031030 -4.974091 -0.015933 0.344240 -0.938746 94.214142
-0.049111 -0.938893 -0.340688 140.242157 -0.998659 0.040555 0.032195 -5.013996 -0.016411 0.341812 -0.939625 93.988914
-0.051165 -0.940203 -0.336751 140.876190 -0.998533 0.042181 0.033945 -5.051614 -0.017710 0.337993 -0.940982 93.767929
-0.050049 -0.942044 -0.331734 141.512421 -0.998559 0.040750 0.034935 -5.094982 -0.019392 0.333005 -0.942726 93.555855
-0.048771 -0.944014 -0.326280 142.132614 -0.998590 0.039232 0.035755 -5.133277 -0.020953 0.327564 -0.944597 93.342560
-0.046746 -0.945684 -0.321709 142.750031 -0.998685 0.037453 0.035021 -5.174345 -0.021070 0.322923 -0.946191 93.135551
-0.046063 -0.946985 -0.317959 143.363342 -0.998684 0.036476 0.036041 -5.212955 -0.022533 0.319201 -0.947419 92.938957
-0.044722 -0.948244 -0.314377 143.988831 -0.998728 0.035103 0.036195 -5.253861 -0.023286 0.315596 -0.948608 92.747650
-0.043430 -0.949516 -0.310697 144.602997 -0.998692 0.032859 0.039180 -5.289807 -0.026993 0.311992 -0.949701 92.552895
-0.042393 -0.950891 -0.306609 145.175156 -0.998643 0.031040 0.041813 -5.314373 -0.030243 0.307966 -0.950917 92.351204
-0.041277 -0.951917 -0.303564 145.791489 -0.998658 0.029796 0.042358 -5.346409 -0.031276 0.304905 -0.951869 92.173088
-0.041651 -0.953051 -0.299931 146.365967 -0.998773 0.031663 0.038089 -5.383842 -0.026804 0.301149 -0.953200 91.990273
-0.044863 -0.954239 -0.295662 146.960785 -0.998643 0.035004 0.038557 -5.423673 -0.026443 0.296991 -0.954514 91.816414
-0.048219 -0.955747 -0.290212 147.541672 -0.998451 0.038043 0.040609 -5.457072 -0.027772 0.291720 -0.956100 91.646843
-0.049260 -0.957712 -0.283481 148.119415 -0.998440 0.039743 0.039230 -5.485152 -0.026304 0.284971 -0.958175 91.476242
