1.000000000 0.000000000 0.000000000 0.000000000 0.000000000 1.000000000 0.000000000 0.000000000 0.000000000 0.000000000 1.000000000 0.000000000
0.999998629 0.000764064 0.001458149 -0.006307941 -0.000757394 0.999989271 -0.004569053 -0.002421394 -0.001461625 0.004567942 0.999988496 0.963941157
0.999996662 -0.001453116 0.002141592 -0.002582410 0.001464545 0.999984622 -0.005344471 -0.000935925 -0.002133793 0.005347590 0.999983430 1.918579459
0.999993145 -0.002477751 0.002719116 -0.010920909 0.002481269 0.999996006 -0.001291225 -0.004062381 -0.002715905 0.001297963 0.999995470 2.852933884
0.999985576 -0.004960347 0.002067238 -0.007795918 0.004950141 0.999975681 0.004913616 -0.007843945 -0.002091561 -0.004903310 0.999985814 3.801826000
0.999962926 -0.008601371 0.000472262 -0.003983605 0.008598912 0.999950647 0.004985644 -0.004478488 -0.000515122 -0.004981397 0.999987483 4.739487648
0.999937534 -0.011178508 -0.000071092 -0.008268526 0.011178630 0.999935329 0.002078343 -0.002739187 0.000047854 -0.002079008 0.999997854 5.668614864
0.999929965 -0.011801295 -0.000954406 -0.013394348 0.011799836 0.999929130 -0.001521219 0.003313670 0.000972291 0.001509851 0.999998391 6.592173100
0.999934018 -0.011404302 -0.001380092 -0.020601138 0.011401828 0.999933362 -0.001787540 -0.002720680 0.001400386 0.001771687 0.999997377 7.520567894
0.999931872 -0.011410738 -0.002464749 -0.029776171 0.011411017 0.999934852 0.000098957 -0.001839176 0.002463460 -0.000127075 0.999996901 8.433572769
0.999936819 -0.010864772 -0.002890959 -0.039530288 0.010872467 0.999937356 0.002659582 0.003621077 0.002861883 -0.002690846 0.999992311 9.375840187
0.999932230 -0.010985697 -0.003866599 -0.046688475 0.011001970 0.999930501 0.004212975 0.005129270 0.003820048 -0.004255229 0.999983668 10.295753479
0.999913990 -0.012257325 -0.004669169 -0.048976932 0.012281490 0.999911129 0.005183202 0.004884012 0.004605222 -0.005240100 0.999975681 11.211192131
0.999904871 -0.012580391 -0.005651423 -0.055013835 0.012610778 0.999905944 0.005373856 0.006017826 0.005583286 -0.005444613 0.999969542 12.123574257
0.999897897 -0.012953807 -0.006035683 -0.070179373 0.012976440 0.999908805 0.003725753 0.011868119 0.005986871 -0.003803695 0.999974847 13.026704788
0.999886155 -0.013171293 -0.007352594 -0.080412634 0.013183736 0.999911666 0.001646712 0.018332597 0.007330255 -0.001743459 0.999971628 13.930514336
0.999853134 -0.014501865 -0.009121100 -0.087439053 0.014503280 0.999894798 0.000088815 0.025865357 0.009118853 -0.000221088 0.999958456 14.835923195
0.999844551 -0.014038242 -0.010663261 -0.106678188 0.014035253 0.999901354 -0.000355161 0.023423243 0.010667196 0.000205445 0.999943137 15.743214607
0.999839962 -0.013043673 -0.012244808 -0.120203972 0.013027356 0.999914110 -0.001411417 0.025920639 0.012262166 0.001251674 0.999924064 16.640590668
0.999833107 -0.012028474 -0.013751743 -0.137504518 0.012013490 0.999927163 -0.001171527 0.022625949 0.013764833 0.001006125 0.999904752 17.528490067
0.999805927 -0.012505333 -0.015230563 -0.156394735 0.012498381 0.999921799 -0.000551548 0.024771713 0.015236268 0.000361083 0.999883831 18.420047760
0.999784231 -0.012244147 -0.016785424 -0.174639866 0.012265294 0.999924123 0.001157434 0.020471297 0.016769979 -0.001363063 0.999858439 19.311286926
0.999763370 -0.012008843 -0.018143957 -0.197366670 0.012044980 0.999925733 0.001883755 0.020329900 0.018119987 -0.002101852 0.999833643 20.191213608
0.999724805 -0.012623733 -0.019769283 -0.212658942 0.012666621 0.999917626 0.002045855 0.016839556 0.019741828 -0.002295702 0.999802470 21.076406479
0.999688983 -0.012459951 -0.021601353 -0.234657094 0.012488646 0.999921203 0.001194085 0.022580044 0.021584773 -0.001463485 0.999765933 21.948183060
0.999662101 -0.012725957 -0.022662915 -0.259376675 0.012765677 0.999917269 0.001608809 0.024318069 0.022640564 -0.001897572 0.999741852 22.808116913
0.999643981 -0.012547258 -0.023547670 -0.284285158 0.012629969 0.999914527 0.003367059 0.028309684 0.023503412 -0.003663267 0.999717057 23.662714005
0.999620616 -0.012844521 -0.024364432 -0.300567836 0.012998545 0.999896407 0.006174005 0.035593711 0.024282608 -0.006488363 0.999684095 24.490764618
0.999586999 -0.013220311 -0.025515804 -0.318766236 0.013426736 0.999878347 0.007935811 0.037948638 0.025407791 -0.008275128 0.999642968 25.333787918
0.999596179 -0.012283258 -0.025625164 -0.353622407 0.012459366 0.999899685 0.006724034 0.040265098 0.025540007 -0.007040592 0.999649048 26.163900375
0.999587893 -0.011533078 -0.026287733 -0.380771190 0.011646580 0.999923468 0.004168648 0.037190035 0.026237644 -0.004473093 0.999645710 26.976617813
0.999572754 -0.011071656 -0.027051976 -0.406847477 0.011139076 0.999935150 0.002342729 0.042283423 0.027024288 -0.002643062 0.999631226 27.777303696
0.999559045 -0.010186597 -0.027892789 -0.435590416 0.010243803 0.999945700 0.001908743 0.046121370 0.027871832 -0.002193630 0.999609053 28.572469711
0.999524355 -0.009978000 -0.029180381 -0.461347580 0.010037224 0.999947786 0.001883815 0.038917359 0.029160062 -0.002175809 0.999572396 29.365495682
0.999450982 -0.009861651 -0.031631384 -0.486140370 0.009894295 0.999950588 0.000875627 0.040363159 0.031621184 -0.001188117 0.999499142 30.141691208
0.999401987 -0.009625527 -0.033213735 -0.519215047 0.009658868 0.999952972 0.000843551 0.041264504 0.033204053 -0.001163853 0.999447942 30.907508850
0.999333978 -0.010101272 -0.035064325 -0.543895781 0.010172432 0.999946535 0.001851670 0.045469541 0.035043750 -0.002207126 0.999383271 31.673820496
0.999246299 -0.010409623 -0.037395898 -0.572398543 0.010570311 0.999935746 0.004101797 0.048102021 0.037350800 -0.004493992 0.999292076 32.428020477
0.999181986 -0.009400708 -0.039331555 -0.604696155 0.009627837 0.999938011 0.005589330 0.050255463 0.039276570 -0.005963435 0.999210536 33.166770935
0.999137402 -0.007953466 -0.040757332 -0.643968225 0.008206610 0.999948025 0.006047500 0.047279671 0.040707123 -0.006376763 0.999150753 33.889549255
0.999079645 -0.005624708 -0.042522538 -0.684636772 0.005856082 0.999968767 0.005318636 0.048110366 0.042491291 -0.005562757 0.999081314 34.596878052
0.998995662 -0.003540063 -0.044665143 -0.718469441 0.003754067 0.999981880 0.004708339 0.052434154 0.044647660 -0.004871286 0.998990893 35.306354523
0.998921931 -0.003574480 -0.046282031 -0.748909414 0.003831644 0.999977708 0.005468929 0.058131233 0.046261460 -0.005640368 0.998913407 36.024284363
0.998885930 -0.001838639 -0.047152918 -0.793824613 0.002189484 0.999970317 0.007390014 0.062190697 0.047137938 -0.007485021 0.998860300 36.700653076
0.998891532 0.000901593 -0.047063231 -0.833760977 -0.000529494 0.999968529 0.007918228 0.064343303 0.047068894 -0.007884530 0.998860538 37.392120361
0.998916030 0.003183023 -0.046438053 -0.855033994 -0.002918429 0.999979138 0.005764451 0.066846117 0.046455428 -0.005622677 0.998904526 38.058963776
0.998989403 0.004780371 -0.044689100 -0.890185058 -0.004662151 0.999985397 0.002749244 0.069231302 0.044701584 -0.002538119 0.998997152 38.701465607
0.999074936 0.005130927 -0.042696405 -0.918472350 -0.005105179 0.999986768 0.000712054 0.077620119 0.042699490 -0.000493423 0.999087811 39.354732513
0.999215186 0.006131621 -0.039132386 -0.953304946 -0.006060688 0.999979734 0.001931026 0.074503474 0.039143432 -0.001692342 0.999232173 39.990005493
0.999263942 0.011176131 -0.036695372 -0.972165644 -0.011030002 0.999930382 0.004182308 0.080506980 0.036739565 -0.003774480 0.999317765 40.651020050
0.999339461 0.015246440 -0.032988254 -0.998855114 -0.015001436 0.999858081 0.007661831 0.081586570 0.033100393 -0.007161899 0.999426425 41.273593903
0.999375463 0.020603288 -0.028709076 -1.024380803 -0.020367218 0.999756455 0.008491129 0.087652534 0.028877031 -0.007901102 0.999551833 41.880912781
0.999441624 0.024289345 -0.022947114 -1.049635291 -0.024087900 0.999669194 0.009014647 0.090498596 0.023158479 -0.008456864 0.999696076 42.462795258
0.999455929 0.028159326 -0.017174093 -1.063668251 -0.027975507 0.999549806 0.010851118 0.094140112 0.017471919 -0.010364761 0.999793649 43.033843994
0.999393821 0.033128422 -0.010701312 -1.076256037 -0.032998238 0.999381900 0.012121315 0.093690664 0.011096257 -0.011760843 0.999869287 43.612873077
0.999326408 0.036499202 -0.003808864 -1.079997540 -0.036451705 0.999264896 0.011872905 0.096285880 0.004239417 -0.011726070 0.999922276 44.146003723
0.999190390 0.040041909 0.003912935 -1.087946534 -0.040085580 0.999126434 0.011805213 0.098727018 -0.003436815 -0.011952507 0.999922633 44.648658752
0.998975873 0.043940291 0.010788511 -1.078667641 -0.044063609 0.998962879 0.011472072 0.101131558 -0.010273234 -0.011935703 0.999876022 45.149673462
0.998683035 0.047915343 0.018337183 -1.071350813 -0.048076339 0.998807967 0.008441493 0.108557343 -0.017910849 -0.009311961 0.999796212 45.618530273
0.998378694 0.050260272 0.026716914 -1.067101359 -0.050430477 0.998711109 0.005734972 0.104088426 -0.026394233 -0.007073022 0.999626577 46.085163116
0.998128653 0.050679531 0.034217358 -1.047524214 -0.050889656 0.998690248 0.005297411 0.108737662 -0.033904076 -0.007028807 0.999400377 46.511581421
0.997859478 0.049812812 0.042369340 -1.026479244 -0.050136350 0.998720527 0.006607488 0.110941470 -0.041985996 -0.008717590 0.999080181 46.912105560
0.997379839 0.051934928 0.050360192 -1.004329205 -0.052375425 0.998599589 0.007466326 0.112050444 -0.049901903 -0.010084400 0.998703241 47.301448822
0.996716380 0.054967314 0.059455868 -0.994287491 -0.055529337 0.998426259 0.007841003 0.108755887 -0.058931299 -0.011116803 0.998200059 47.658088684
0.995903015 0.059946477 0.067702256 -0.962842464 -0.060559016 0.998139858 0.007029898 0.113609761 -0.067154907 -0.011101078 0.997680783 47.983337402
0.994986236 0.063770019 0.077045210 -0.945535183 -0.064521536 0.997889519 0.007302003 0.109751463 -0.076416969 -0.012236466 0.997000873 48.283527374
0.994264424 0.062952653 0.086459532 -0.916270733 -0.063876614 0.997925997 0.007959139 0.108574241 -0.085779175 -0.013436229 0.996223569 48.569061279
0.993370712 0.061782803 0.096940160 -0.877266884 -0.062661126 0.998016536 0.006039529 0.109133750 -0.096374750 -0.012073870 0.995271862 48.846076965
0.992230356 0.060306076 0.108822726 -0.842649460 -0.060850915 0.998145580 0.001689654 0.104903758 -0.108518995 -0.008298487 0.994059861 49.100967407
0.990627885 0.061371569 0.122024156 -0.800549507 -0.061520968 0.998102546 -0.002546536 0.108128347 -0.121948905 -0.004984373 0.992523849 49.369575500
0.988510609 0.062656321 0.137553275 -0.759102821 -0.062611997 0.998027146 -0.004653266 0.104857549 -0.137573451 -0.004012684 0.990483463 49.633800507
0.986011863 0.064707100 0.153602108 -0.709705830 -0.064543135 0.997896492 -0.006059167 0.103963912 -0.153671086 -0.003939551 0.988114178 49.882530212
0.983217776 0.065107688 0.170422703 -0.654240608 -0.064821959 0.997870505 -0.007246373 0.103209347 -0.170531571 -0.003922372 0.985344410 50.141662598
0.979936838 0.064067610 0.188730434 -0.597462654 -0.063595049 0.997938991 -0.008564746 0.104419112 -0.188890174 -0.003609413 0.981991589 50.392623901
0.976071239 0.063258775 0.208046108 -0.527015686 -0.062793583 0.997987330 -0.008846320 0.101162493 -0.208186999 -0.004429322 0.978078961 50.640098572
0.971556306 0.063478187 0.228142083 -0.453308105 -0.062902376 0.997971594 -0.009801891 0.094088644 -0.228301480 -0.004827588 0.973578453 50.875019073
0.966258705 0.065748505 0.249040604 -0.376027107 -0.064744808 0.997826934 -0.012228526 0.093721390 -0.249303430 -0.004308168 0.968415856 51.115081787
0.960027039 0.066792563 0.271821201 -0.294182777 -0.065360285 0.997758865 -0.014330089 0.089319170 -0.272169143 -0.004009041 0.962240994 51.354747772
0.952709973 0.068354070 0.296093583 -0.200276375 -0.066805132 0.997647822 -0.015357899 0.078788996 -0.296446890 -0.005148950 0.955035448 51.592571259
0.944165885 0.071176320 0.321690649 -0.102041245 -0.069652937 0.997438729 -0.016258201 0.072116852 -0.322023958 -0.007056259 0.946705222 51.829353333
0.934367597 0.073067620 0.348738313 0.009223938 -0.071528420 0.997288465 -0.017307136 0.063601673 -0.349057257 -0.008773477 0.937060356 52.064601898
0.923117995 0.073957898 0.377337188 0.130010605 -0.072202630 0.997212470 -0.018816538 0.058721781 -0.377676904 -0.009874851 0.925884843 52.307518005
0.910537302 0.071843877 0.407136798 0.271352768 -0.069309860 0.997374296 -0.020990524 0.050284386 -0.407575756 -0.009105941 0.913125992 52.543201447
0.895570397 0.069387250 0.439475775 0.416637421 -0.065652922 0.997560680 -0.023712747 0.041792274 -0.440049142 -0.007616438 0.897941351 52.768531799
0.878236175 0.068710044 0.473265320 0.570201874 -0.063044481 0.997622192 -0.027846359 0.031424761 -0.474053264 -0.005381084 0.880479693 52.990276337
0.858762383 0.070417911 0.507511973 0.731626511 -0.062277839 0.997512162 -0.033025555 0.024681926 -0.508574963 -0.003245649 0.861011565 53.205272675
0.836946309 0.072294123 0.542489231 0.917407990 -0.061769124 0.997381270 -0.037618026 0.016056657 -0.543788195 -0.002024817 0.839220166 53.433612823
0.812428772 0.074952349 0.578222692 1.113309860 -0.062560700 0.997183740 -0.041359752 0.007173777 -0.579694271 -0.002572167 0.814830005 53.655685425
0.784843981 0.079174541 0.614614785 1.325649261 -0.065870933 0.996844411 -0.044298138 -0.004365206 -0.616182566 -0.005718125 0.787582517 53.891220093
0.754858255 0.083644986 0.650532424 1.551282883 -0.069621518 0.996449769 -0.047336061 -0.017755508 -0.652182221 -0.009559040 0.758001983 54.119876862
0.721758246 0.084654517 0.686948895 1.807861328 -0.069296114 0.996343613 -0.049974531 -0.036420822 -0.688667655 -0.011533359 0.724985421 54.353645325
0.685139179 0.082161553 0.723763585 2.088169098 -0.065687761 0.996538877 -0.050944712 -0.056137323 -0.725444198 -0.012638188 0.688164830 54.575874329
0.645909131 0.080465816 0.759161770 2.378803253 -0.062647954 0.996662378 -0.052337166 -0.080488324 -0.760839403 -0.013754878 0.648794413 54.784034729
0.603381872 0.079690650 0.793460488 2.711315155 -0.060486544 0.996701479 -0.054106403 -0.103329182 -0.795155048 -0.015346870 0.606211841 55.000854492
0.557104349 0.079646528 0.826614320 3.072879791 -0.056974348 0.996710479 -0.057637375 -0.120644331 -0.828485727 -0.014985780 0.559809566 55.212345123
0.508245945 0.078272127 0.857647657 3.441780090 -0.053731889 0.996803105 -0.059130214 -0.147725463 -0.859534144 -0.016030341 0.510826826 55.406730652
0.459869325 0.077170193 0.884626985 3.870334625 -0.052461602 0.996837616 -0.059686940 -0.160952091 -0.886435509 -0.018960759 0.462463558 55.593032837
0.410831004 0.074756302 0.908641577 4.308662415 -0.051539712 0.996943295 -0.058718074 -0.182989001 -0.910253584 -0.022707922 0.413428098 55.752262115
0.360158682 0.074717745 0.929894030 4.770252228 -0.054704517 0.996763766 -0.058903087 -0.202910900 -0.931285739 -0.029654948 0.363080412 55.920459747
0.310210913 0.075304687 0.947680533 5.216150284 -0.053326260 0.996666729 -0.061741568 -0.225190043 -0.949170947 -0.031383362 0.313192576 56.047573090
0.263461083 0.071861811 0.961989701 5.697913170 -0.041984387 0.997130811 -0.062988587 -0.255932450 -0.963755846 -0.023793513 0.265722215 56.129936218
0.219383121 0.066370927 0.973378658 6.213977814 -0.028452864 0.997694314 -0.061616134 -0.278644800 -0.975223839 -0.014177873 0.220765740 56.205039978
0.176972985 0.065220229 0.982052445 6.743407249 -0.019715836 0.997836709 -0.062715545 -0.312028050 -0.984018266 -0.008263025 0.177875996 56.273296356
0.138462171 0.066586211 0.988126755 7.241072655 -0.016724750 0.997752190 -0.064891264 -0.337431312 -0.990226448 -0.007541189 0.139264598 56.314178467
0.105852067 0.067366056 0.992097378 7.783570766 -0.007961206 0.997728050 -0.066898964 -0.370897293 -0.994349957 -0.000816898 0.106147915 56.343555450
0.076984271 0.065488957 0.994879127 8.347517967 -0.000662154 0.997843564 -0.065632857 -0.407970279 -0.997032106 0.004393934 0.076861627 56.364711761
0.052073389 0.063953981 0.996593297 8.915605545 0.006070155 0.997908592 -0.064355567 -0.440788209 -0.998624802 0.009400686 0.051576272 56.375869751
0.032124698 0.063160121 0.997486234 9.470087051 0.011212545 0.997915745 -0.063548423 -0.462459683 -0.999421000 0.013225836 0.031349547 56.368476868
0.016334696 0.065035298 0.997749209 10.056916237 0.014089498 0.997768283 -0.065267205 -0.489138484 -0.999767303 0.015123907 0.015381927 56.365444183
0.002800280 0.064772710 0.997896016 10.643475533 0.014386686 0.997794151 -0.064806454 -0.524524570 -0.999892652 0.014537899 0.001862230 56.358760834
-0.008333284 0.065595910 0.997811496 11.253541946 0.015641350 0.997732520 -0.065460093 -0.560271680 -0.999843061 0.015061622 -0.009340405 56.340183258
-0.017803732 0.068487607 0.997493088 11.893441200 0.020492828 0.997466564 -0.068120047 -0.598066151 -0.999631464 0.019228661 -0.019162130 56.332138062
-0.024161577 0.070200905 0.997240245 12.516046524 0.024586000 0.997271419 -0.069607429 -0.634834886 -0.999405682 0.022836328 -0.025821604 56.302429199
-0.028830335 0.069639929 0.997155547 13.169510841 0.024586428 0.997317672 -0.068940394 -0.671996474 -0.999281883 0.022528915 -0.030465199 56.287368774
-0.032618299 0.067090347 0.997213602 13.826127052 0.022506386 0.997540772 -0.066376187 -0.701878786 -0.999214530 0.020278595 -0.034048043 56.271152496
-0.035032410 0.060130756 0.997575581 14.518081665 0.020493317 0.998021603 -0.059437960 -0.744028568 -0.999176025 0.018361382 -0.036195386 56.248321533
-0.036247235 0.054670170 0.997846305 15.204427719 0.022045670 0.998303235 -0.053894382 -0.776747942 -0.999099612 0.020044670 -0.037390966 56.221199036
-0.036838591 0.051842351 0.997975647 15.889778137 0.024068726 0.998409808 -0.050976455 -0.813229084 -0.999031305 0.022142105 -0.038027789 56.197647095
-0.037086640 0.054290041 0.997836232 16.596416473 0.027469914 0.998201191 -0.053288929 -0.849093854 -0.998934388 0.025434168 -0.038511273 56.175796509
-0.035660692 0.061895456 0.997445345 17.304473877 0.028509155 0.997736990 -0.060894288 -0.876680553 -0.998957217 0.026264796 -0.037344575 56.141914368
-0.033861246 0.069596469 0.997000396 18.018983841 0.029822985 0.997198522 -0.068597429 -0.921882153 -0.998981416 0.027410733 -0.035841964 56.120723724
-0.031960674 0.070196368 0.997021079 18.737554550 0.030685101 0.997129381 -0.069220349 -0.957481623 -0.999018013 0.028381361 -0.034022905 56.104778290
-0.029619226 0.065781154 0.997394383 19.477466583 0.029944215 0.997442722 -0.064895116 -1.000406981 -0.999112546 0.027944047 -0.031513244 56.081230164
-0.026817989 0.059457093 0.997870564 20.222841263 0.029594334 0.997839332 -0.058659881 -1.041495204 -0.999202132 0.027958177 -0.028519634 56.060264587
-0.024288218 0.058172662 0.998010993 20.982791901 0.027463103 0.997967601 -0.057501767 -1.083209395 -0.999327838 0.026011866 -0.025836455 56.047019958
-0.020866383 0.063592672 0.997757733 21.710565567 0.035111960 0.997406065 -0.062835947 -1.125311375 -0.999165595 0.033722069 -0.023045121 56.025020599
-0.017805533 0.068839222 0.997468770 22.441667557 0.037100587 0.996985495 -0.068143584 -1.169836998 -0.999152899 0.035793345 -0.020305833 56.010845184
-0.015233516 0.069704331 0.997451484 23.183177948 0.030610984 0.997132003 -0.069214523 -1.208776951 -0.999415338 0.029478589 -0.017323544 56.009418488
-0.011965970 0.065991841 0.997748375 23.944412231 0.026059564 0.997501493 -0.065662973 -1.259152293 -0.999588788 0.025215171 -0.013655790 56.011344910
-0.007210194 0.062418018 0.998024046 24.685575485 0.030215515 0.997607887 -0.062173702 -1.307120085 -0.999517381 0.029707529 -0.009078938 56.002227783
-0.003139391 0.063296758 0.997989774 25.420282364 0.034802895 0.997397006 -0.063149683 -1.352244377 -0.999389350 0.034534685 -0.005334128 55.985000610
-0.001070888 0.067536682 0.997716188 26.161169052 0.034653444 0.997120023 -0.067459121 -1.405114770 -0.999398887 0.034502059 -0.003408181 56.003612518
0.002844253 0.068604343 0.997640014 26.924757004 0.030512709 0.997173429 -0.068659268 -1.444762588 -0.999530315 0.030635979 0.000742909 56.004798889
0.006298688 0.068054713 0.997661710 27.675773621 0.029739894 0.997227371 -0.068212844 -1.490945101 -0.999537766 0.030100005 0.004257284 56.017089844
0.010095218 0.065076821 0.997829258 28.415802002 0.033890978 0.997284412 -0.065384194 -1.535103202 -0.999374568 0.034477469 0.007862287 56.017799377
0.013968950 0.065620035 0.997746944 29.167013168 0.038238566 0.997079313 -0.066111498 -1.585958362 -0.999170959 0.039075915 0.011418936 56.021286011
0.017414004 0.066304103 0.997647464 29.930303574 0.041687835 0.996882975 -0.066980958 -1.639857292 -0.998979032 0.042756170 0.014595649 56.031791687
0.020545740 0.066499159 0.997574866 30.682363510 0.042220838 0.996837735 -0.067319594 -1.681741714 -0.998896956 0.043501582 0.017673122 56.043594360
0.023937840 0.064962924 0.997600496 31.429903030 0.043791972 0.996860445 -0.065965533 -1.728908539 -0.998753846 0.045265969 0.021017835 56.066677094
0.027421638 0.064008772 0.997572422 32.170902252 0.045629051 0.996827424 -0.065215237 -1.775441885 -0.998582065 0.047306594 0.024413984 56.087043762
0.030521844 0.064081259 0.997477770 32.927299500 0.043803912 0.996898234 -0.065384381 -1.827690601 -0.998573840 0.045689087 0.027620159 56.112579346
0.033497535 0.065784805 0.997271419 33.697689056 0.040969744 0.996902287 -0.067136601 -1.873085737 -0.998598695 0.043106865 0.030698581 56.136566162
0.036378797 0.065729506 0.997174144 34.452671051 0.042900596 0.996812046 -0.067270726 -1.917823792 -0.998416781 0.045226593 0.033442982 56.161621094
0.038827498 0.065573744 0.997092068 35.208232880 0.040747918 0.996910572 -0.067148566 -1.963665009 -0.998414755 0.043236636 0.036035553 56.199577332
0.041397076 0.065661356 0.996982932 35.962268829 0.038835216 0.996978462 -0.067273602 -2.012859583 -0.998387694 0.041502982 0.038722023 56.235389709
0.043960281 0.065232784 0.996901393 36.723114014 0.036082644 0.997111201 -0.066837668 -2.067412853 -0.998381436 0.038909040 0.041479517 56.278247833
0.047124900 0.067937203 0.996576011 37.501678467 0.034650907 0.996972799 -0.069602810 -2.105335236 -0.998287797 0.037812281 0.044628166 56.317310333
0.050962035 0.072155401 0.996090651 38.267391205 0.033532951 0.996700644 -0.073915198 -2.145637035 -0.998137534 0.037168726 0.048374303 56.355579376
0.053846996 0.073698908 0.995825708 39.029468536 0.034066767 0.996556520 -0.075595081 -2.205226421 -0.997967958 0.037995134 0.051150896 56.407947540
0.056453325 0.075618081 0.995537519 39.790592194 0.027748752 0.996623695 -0.077274121 -2.259494305 -0.998019636 0.031987306 0.054164413 56.468124390
0.059082527 0.074820131 0.995445251 40.594390869 0.023801260 0.996798158 -0.076334491 -2.313317299 -0.997969270 0.028202886 0.057112541 56.522006989
0.063185409 0.075153649 0.995168149 41.371730804 0.026304472 0.996688783 -0.076938622 -2.370167732 -0.997654974 0.031038769 0.060999308 56.571632385
0.066995881 0.076430164 0.994821668 42.138195038 0.025013326 0.996619701 -0.078252837 -2.426465273 -0.997439682 0.030126410 0.064857647 56.622810364
0.070309497 0.077372484 0.994520068 42.924861908 0.021456752 0.996639371 -0.079054281 -2.479410887 -0.997294426 0.026897438 0.068413049 56.699661255
0.074940637 0.075687192 0.994311571 43.726497650 0.020508144 0.996787608 -0.077421345 -2.529381275 -0.996977091 0.026193492 0.073147699 56.760166168
0.079373352 0.075299494 0.993996918 44.533447266 0.020641664 0.996805012 -0.077160522 -2.600145578 -0.996631145 0.026642242 0.077565439 56.817352295
0.084630772 0.078753650 0.993295312 45.327148438 0.017548904 0.996599257 -0.080510803 -2.658475876 -0.996257782 0.024244934 0.082960926 56.892524719
0.089877896 0.087555796 0.992096782 46.120491028 0.015312123 0.995889127 -0.089277670 -2.718450308 -0.995835066 0.023215201 0.088167749 56.987163544
0.097413786 0.092273906 0.990957141 46.901046753 0.014282677 0.995460570 -0.094097272 -2.781677485 -0.995141327 0.023319891 0.095653668 57.066112518
0.104602337 0.095101163 0.989956617 47.681198120 0.009171599 0.995282769 -0.096581951 -2.849797487 -0.994471848 0.019182179 0.103236668 57.161632538
0.111973241 0.093453012 0.989307225 48.488380432 0.006130251 0.995484114 -0.094730355 -2.917551041 -0.993692338 0.016671965 0.110894673 57.254310608
0.119199634 0.092040248 0.988595009 49.294704437 0.006036506 0.995608389 -0.093421042 -2.984783649 -0.992851913 0.017103419 0.118120559 57.363666534
0.126880452 0.088682450 0.987945676 50.127773285 0.005595904 0.995915532 -0.090116523 -3.052502394 -0.991902292 0.016962476 0.125865921 57.476070404
0.134611219 0.082939379 0.987421393 50.929481506 0.003619906 0.996443093 -0.084190659 -3.121380329 -0.990891874 0.014907380 0.133832172 57.585674286
0.142231405 0.076060869 0.986906767 51.739997864 0.000994127 0.997031808 -0.076984465 -3.177545071 -0.989832997 0.011930721 0.141733602 57.704998016
0.148577213 0.073174104 0.986189842 52.547557831 0.000578763 0.997251987 -0.074082106 -3.249055624 -0.988900721 0.011577683 0.148126557 57.850322723
0.156190619 0.074685760 0.984899223 53.368240356 0.000341980 0.997133017 -0.075667694 -3.316924810 -0.987726867 0.012155399 0.155717313 57.980842590
0.162221313 0.081443191 0.983387649 54.158046722 0.000756677 0.996577501 -0.082660384 -3.374605656 -0.986754119 0.014153382 0.161604494 58.112403870
0.166758806 0.084797762 0.982344449 54.938011169 -0.000974714 0.996308684 -0.085837692 -3.437575579 -0.985997260 0.013356687 0.166225925 58.258705139
0.171836421 0.087917149 0.981194615 55.720962524 -0.001726660 0.996034980 -0.088944502 -3.498564482 -0.985123932 0.013589715 0.171306893 58.406776428
0.176957607 0.087544367 0.980317295 56.482658386 -0.003471905 0.996085525 -0.088325799 -3.556910515 -0.984212339 0.012226354 0.176568866 58.554557800
0.182753190 0.084639058 0.979508817 57.241947174 -0.000121386 0.996289372 -0.086066417 -3.629368544 -0.983158827 0.015610014 0.182085305 58.681980133
0.187227294 0.078203507 0.979198754 58.003597260 0.001012422 0.996810019 -0.079803623 -3.683558464 -0.982316196 0.015932776 0.186550885 58.830863953
0.190600783 0.072212033 0.979008019 58.754112244 -0.001193828 0.997307062 -0.073329367 -3.743308783 -0.981666923 0.012807866 0.190173715 58.981010437
0.193805754 0.068793319 0.978624940 59.488128662 -0.004163983 0.997586966 -0.069301657 -3.797798634 -0.981031120 0.009356078 0.193624571 59.138256073
0.197159380 0.068349853 0.977985919 60.217445374 -0.005683957 0.997629642 -0.068576857 -3.853088856 -0.980355024 0.007961741 0.197080523 59.287002563
0.198772535 0.070703939 0.977492034 60.942180634 -0.007980101 0.997477829 -0.070526838 -3.902866364 -0.980013192 0.006218311 0.198835477 59.449680328
0.200314164 0.074977770 0.976858556 61.643367767 -0.012140411 0.997180700 -0.074048087 -3.955728531 -0.979656518 0.002973416 0.200659722 59.604084015
0.202432141 0.078933463 0.976110041 62.334159851 -0.013363248 0.996876240 -0.077841371 -4.008759499 -0.979205132 0.002713595 0.202854589 59.755409241
0.204023167 0.084233373 0.975335479 63.013435364 -0.013395785 0.996438324 -0.083253741 -4.061763763 -0.978874445 0.003920304 0.204424888 59.912864685
0.205798104 0.085932627 0.974814296 63.689514160 -0.012773719 0.996288061 -0.085128888 -4.120618343 -0.978511155 0.005067362 0.206131876 60.056785583
0.207221225 0.085759707 0.974527955 64.352630615 -0.014999171 0.996311605 -0.084487326 -4.174541473 -0.978179157 0.002890457 0.207743272 60.203384399
0.208147436 0.083010271 0.974568605 65.044525146 -0.014709696 0.996545017 -0.081740461 -4.229052544 -0.977986872 0.002678459 0.208649293 60.355049133
0.208849952 0.080712281 0.974611282 65.700195312 -0.014970467 0.996735394 -0.079336464 -4.282377243 -0.977833092 0.001979030 0.209376439 60.496917725
0.208955869 0.079421803 0.974694669 66.346054077 -0.013705460 0.996836543 -0.078287818 -4.332872868 -0.977829039 0.003000063 0.209383324 60.633750916
0.207025766 0.079070464 0.975134969 66.979125977 -0.014278434 0.996866643 -0.077801242 -4.379859924 -0.978231311 0.002183461 0.207506046 60.777976990
0.205830947 0.079467468 0.975355625 67.602096558 -0.015157466 0.996836483 -0.078018956 -4.436193466 -0.978470266 0.001274794 0.206384346 60.905288696
0.203058943 0.082202323 0.975709915 68.211647034 -0.016014205 0.996615410 -0.080630802 -4.487119198 -0.979035497 0.000747588 0.203688115 61.047710419
0.200870782 0.086166397 0.975820839 68.809944153 -0.014187493 0.996275544 -0.085052110 -4.536370754 -0.979514956 0.003240033 0.201345131 61.169616699
0.199304417 0.086791143 0.976086557 69.415382385 -0.011769965 0.996210337 -0.086177215 -4.583033562 -0.979866982 0.005686997 0.199570641 61.293819427
0.196964964 0.085757680 0.976652622 70.003059387 -0.012450491 0.996305525 -0.084972411 -4.627899647 -0.980331481 0.004576783 0.197304979 61.414051056
0.194720730 0.082837023 0.977354527 70.584106445 -0.012955274 0.996557653 -0.081883505 -4.677711487 -0.980773091 0.003282521 0.195123658 61.530025482
0.192686886 0.078874297 0.978085160 71.162170410 -0.012303507 0.996880114 -0.077966087 -4.727503300 -0.981183171 0.002989166 0.193056121 61.645862579
0.190972924 0.078083321 0.978484690 71.717018127 -0.008810741 0.996927321 -0.077835426 -4.773534298 -0.981555760 0.006243288 0.191074103 61.745460510
0.188978612 0.079649992 0.978745580 72.278755188 -0.005789661 0.996778071 -0.079999566 -4.817900181 -0.981964111 0.009451604 0.188830912 61.855861664
0.186615393 0.081729114 0.979027629 72.827758789 -0.001468366 0.996555805 -0.082912467 -4.856865883 -0.982432008 0.014035173 0.186092690 61.956409454
0.185030892 0.083659239 0.979165256 73.368484497 -0.001999525 0.996399939 -0.084753886 -4.896991253 -0.982730687 0.013724227 0.184532061 62.054252625
0.183689430 0.086373799 0.979182184 73.908828735 -0.002803365 0.996173978 -0.087346748 -4.941096306 -0.982980371 0.013299668 0.183228776 62.153759003
0.182775408 0.084491476 0.979517460 74.467987061 -0.000460013 0.996307611 -0.085853934 -4.990305424 -0.983154535 0.015241398 0.182139412 62.257041931
0.183438808 0.083063327 0.979515493 75.004997253 0.005214265 0.996327460 -0.085465498 -5.029253960 -0.983017325 0.020785142 0.182331979 62.344959259
0.185525343 0.081035167 0.979292512 75.559257507 0.010344697 0.996377468 -0.084408723 -5.071476936 -0.982585013 0.025790440 0.184014991 62.444881439
0.187790304 0.080518655 0.978903234 76.108680725 0.013215768 0.996336877 -0.084487908 -5.112280846 -0.982120216 0.028802974 0.186038285 62.540519714
0.191051409 0.080362402 0.978284895 76.657638550 0.010343758 0.996422768 -0.083872423 -5.156148434 -0.981525540 0.026143091 0.189536750 62.652996063
0.196357161 0.080713779 0.977204800 77.226837158 0.009575766 0.996400893 -0.084223449 -5.205374718 -0.980485678 0.025895361 0.194877535 62.786598206
0.202956200 0.079735890 0.975935936 77.786773682 0.010792168 0.996436298 -0.083655149 -5.246405125 -0.979128361 0.027510798 0.201372445 62.907379150
0.210566193 0.080561951 0.974254370 78.329551697 0.008251422 0.996416509 -0.084177941 -5.278107643 -0.977544725 0.025764011 0.209146887 63.020095825
0.218879893 0.078539185 0.972585857 78.902809143 0.008768515 0.996556759 -0.082448252 -5.320765018 -0.975712359 0.026574397 0.217437550 63.158279419
0.227725834 0.078165486 0.970582902 79.477653503 0.005428100 0.996655405 -0.081538796 -5.366516590 -0.973710239 0.023836911 0.226539865 63.304889679
0.237112731 0.077773318 0.968364000 80.063667297 0.004123332 0.996700704 -0.081058793 -5.415220261 -0.971473455 0.023212956 0.236009762 63.461921692
0.246716112 0.081615508 0.965644956 80.648132324 -0.001313279 0.996474504 -0.083885677 -5.462626457 -0.969086885 0.019427786 0.245953500 63.631698608
0.256268263 0.083971642 0.962951362 81.248001099 -0.004952958 0.996320426 -0.085563384 -5.503371716 -0.966593027 0.017157720 0.255741239 63.802867889
0.267215341 0.086533651 0.959743679 81.837051392 -0.008826911 0.996137857 -0.087357469 -5.550481796 -0.963596404 0.014871687 0.266947180 63.968608856
0.277354091 0.088540941 0.956679225 82.450241089 -0.010321752 0.995961666 -0.089184143 -5.600137711 -0.960712254 0.014860984 0.277147979 64.158966064
0.287168860 0.089176372 0.953719795 83.077720642 -0.013101947 0.995929480 -0.089178078 -5.649879932 -0.957790315 0.013113585 0.287168384 64.362144470
0.297464907 0.089829855 0.950497389 83.704612732 -0.014570865 0.995874882 -0.089558356 -5.703287125 -0.954621553 0.012790903 0.297546834 64.566604614
0.307607114 0.090823352 0.947168946 84.329666138 -0.018803952 0.995819867 -0.089381613 -5.745219707 -0.951327622 0.009683898 0.308029145 64.784126282
0.317968488 0.086376257 0.944158435 84.988159180 -0.018112641 0.996213019 -0.085038602 -5.789270401 -0.947928309 0.009938393 0.318328887 65.015113831
0.328917682 0.078730218 0.941071093 85.650344849 -0.014438567 0.996821463 -0.078347854 -5.847093582 -0.944248199 0.012182274 0.329008967 65.242309570
0.339712471 0.074431591 0.937579513 86.313049316 -0.013110101 0.997141540 -0.074409872 -5.899333000 -0.940437973 0.012986197 0.339717239 65.496383667
0.349878460 0.071208850 0.934084773 86.991920471 -0.014410331 0.997397840 -0.070637800 -5.952475071 -0.936684251 0.011254176 0.349994212 65.761627197
0.359408766 0.069157965 0.930613995 87.679397583 -0.007919600 0.997440159 -0.071065515 -5.985543728 -0.933146596 0.018171476 0.359036505 66.027755737
0.368167877 0.063548833 0.927584946 88.384895325 -0.000991702 0.997687697 -0.067957945 -6.024895668 -0.929758728 0.024100045 0.367379516 66.299682617
0.375298232 0.054342479 0.925309777 89.104202271 0.008483223 0.998036683 -0.062054373 -6.066355705 -0.926865280 0.031138504 0.374100357 66.578666687
0.382190317 0.049486861 0.922757626 89.810287476 0.014023860 0.998139381 -0.059337974 -6.112317085 -0.923977375 0.035619020 0.380785227 66.872512817
0.389415264 0.049386043 0.919737339 90.515251160 0.015878212 0.998053074 -0.060314078 -6.162693977 -0.920925498 0.038091004 0.387872964 67.175178528
0.397097409 0.055642072 0.916088223 91.230094910 0.018500051 0.997472346 -0.068604469 -6.199829578 -0.917590022 0.044190336 0.395064354 67.480056763
0.404159576 0.060429960 0.912690103 91.945877075 0.021883871 0.996890783 -0.075695626 -6.240127563 -0.914426684 0.050566297 0.401580483 67.796875000
0.409556121 0.062456172 0.910144508 92.651222229 0.020016264 0.996798396 -0.077409700 -6.292695999 -0.912065327 0.049921304 0.406994790 68.117164612
0.413779646 0.063937411 0.908129036 93.339324951 0.012936699 0.997017086 -0.076090097 -6.350529671 -0.910285115 0.043232732 0.411718249 68.450050354
0.417719245 0.067879401 0.906036973 94.027397156 0.005995837 0.996977687 -0.077456914 -6.406151772 -0.908556402 0.037787687 0.416049778 68.787086487
0.421963513 0.070967190 0.903831005 94.706634521 0.005209316 0.996725380 -0.080693111 -6.462629795 -0.906597853 0.038757890 0.420212090 69.101448059
0.425814003 0.075436741 0.901660562 95.376480103 0.001993708 0.996437848 -0.084307723 -6.518022537 -0.904808521 0.037697062 0.424146712 69.428253174
0.429356337 0.078616582 0.899706960 96.039138794 -0.001244185 0.996254623 -0.086459175 -6.574585915 -0.903134346 0.036002394 0.427845985 69.754417419
0.432968199 0.076361142 0.898169041 96.687919617 -0.002094599 0.996487856 -0.083710358 -6.641968727 -0.901406765 0.034362618 0.431607544 70.079421997
0.437262446 0.073539406 0.896322191 97.344802856 -0.001201736 0.996698022 -0.081188545 -6.699677467 -0.899333119 0.034423567 0.435907006 70.401206970
0.440739244 0.071000308 0.894822717 97.984634399 -0.001192105 0.996912360 -0.078513496 -6.748868942 -0.897634387 0.033537261 0.439463049 70.720336914
0.444475502 0.069922924 0.893057764 98.615730286 -0.002170081 0.997030020 -0.076983482 -6.808588028 -0.895788372 0.032279268 0.443307191 71.041442871
0.447694361 0.071734875 0.891304612 99.225975037 -0.004426194 0.996942520 -0.078013688 -6.860231876 -0.894175708 0.030981204 0.446642995 71.357315063
0.450008035 0.072320148 0.890091300 99.833473206 -0.003737328 0.996859312 -0.079105571 -6.915600777 -0.893016636 0.032271586 0.448864967 71.676193237
0.452258795 0.070095569 0.889127970 100.431015015 -0.001307529 0.996957839 -0.077931404 -6.968700409 -0.891885757 0.034082603 0.450974643 71.980361938
0.454404622 0.069040179 0.888115883 101.028511047 0.000226774 0.996982992 -0.077619307 -7.025577545 -0.890795350 0.035471972 0.453018099 72.275207520
0.456226230 0.068993889 0.887185097 101.612480164 -0.000636329 0.997014761 -0.077207819 -7.070622444 -0.889863610 0.034659684 0.454908282 72.581924438
0.458208889 0.067991503 0.886240125 102.186386108 0.000828126 0.997036815 -0.076919876 -7.125098228 -0.888844132 0.035979290 0.456794888 72.881080627
0.460909545 0.069676943 0.884707570 102.747383118 0.000252581 0.996902704 -0.078644693 -7.173655510 -0.887447119 0.036471549 0.459464401 73.173767090
0.463474125 0.069870383 0.883351445 103.298713684 0.002763100 0.996767581 -0.080290996 -7.226498604 -0.886106193 0.039653584 0.461782902 73.463401794
0.466514140 0.069203138 0.881802380 103.847808838 0.004782285 0.996722817 -0.080752037 -7.270512104 -0.884500921 0.041889004 0.464654297 73.762908936
0.469589502 0.067773178 0.880279779 104.376121521 0.007263136 0.996719062 -0.080612436 -7.318932533 -0.882854998 0.044248361 0.467556566 74.038558960
0.472711921 0.066949293 0.878670156 104.905059814 0.008718910 0.996705651 -0.080633536 -7.363672256 -0.881173909 0.045777477 0.470570952 74.326080322
0.476053298 0.066577524 0.876892626 105.423736572 0.009808166 0.996666133 -0.080995962 -7.409183979 -0.879361749 0.047159102 0.473813176 74.608978271
0.479441404 0.065357812 0.875136733 105.933959961 0.010333408 0.996733248 -0.080100134 -7.461509705 -0.877513111 0.047446467 0.477199852 74.891876221
0.482780904 0.064803995 0.873340130 106.434394836 0.011796431 0.996686518 -0.080477647 -7.506973743 -0.875661731 0.049155369 0.480416834 75.171180725
0.486972809 0.066082686 0.870913625 106.944610596 0.011789656 0.996545494 -0.082207508 -7.550867081 -0.873337507 0.050300598 0.484511554 75.456329346
0.490914553 0.066561162 0.868661284 107.438751221 0.013478038 0.996377647 -0.083964385 -7.595614433 -0.871103406 0.052927192 0.488239169 75.738288879
0.496161759 0.069762833 0.865422785 107.933181763 0.011351051 0.996160209 -0.086809494 -7.642699242 -0.868155897 0.052895017 0.493464798 76.023551941
0.501800239 0.075613916 0.861672223 108.417572021 0.007943890 0.995726883 -0.092003740 -7.688489437 -0.864947081 0.053012524 0.499055445 76.311431885
0.507495999 0.082698628 0.857676327 108.900451660 0.002573606 0.995233655 -0.097484961 -7.740241528 -0.861650229 0.051680546 0.504864216 76.616210938
0.513021767 0.088830426 0.853766799 109.380287170 -0.002611357 0.994787753 -0.101933829 -7.794682503 -0.858371675 0.050064784 0.510579646 76.930763245
0.519801319 0.093389221 0.849167228 109.848533630 -0.006289323 0.994398117 -0.105511464 -7.843768597 -0.854264021 0.049504299 0.517476857 77.216262817
0.525429666 0.093662262 0.845666051 110.336853027 -0.010583300 0.994565070 -0.103578024 -7.896380901 -0.850771248 0.045473021 0.523565233 77.531463623
0.530588269 0.092787810 0.842535734 110.825996399 -0.017145453 0.994961858 -0.098777004 -7.951597214 -0.847456276 0.037964262 0.529506087 77.862915039
0.536356211 0.090408593 0.839135408 111.324600220 -0.023096187 0.995445967 -0.092486978 -8.001975060 -0.843675554 0.030225147 0.536001742 78.204330444
0.542393506 0.088951111 0.835402131 111.830688477 -0.029979266 0.995795012 -0.086564884 -8.055891037 -0.839589477 0.021907505 0.542779505 78.539421082
0.548369110 0.086677641 0.831732035 112.337135315 -0.032352123 0.996067882 -0.082473591 -8.106387138 -0.835610271 0.018317675 0.549017131 78.890922546
0.555035770 0.090524867 0.826886058 112.853233337 -0.037397295 0.995771110 -0.083911479 -8.149065018 -0.830985308 0.015650576 0.556074023 79.248947144
0.560679078 0.094501220 0.822622895 113.368927002 -0.041409940 0.995423198 -0.086128145 -8.196347237 -0.826997101 0.014225494 0.562026143 79.626823425
0.567127228 0.097886913 0.817792714 113.894622803 -0.043956894 0.995094538 -0.088625863 -8.238803864 -0.822456479 0.014314499 0.568647981 80.000335693
0.573234499 0.100228041 0.813238442 114.418853760 -0.046552505 0.994871259 -0.089799635 -8.287887573 -0.818067968 0.013617964 0.574960411 80.386962891
