0.000000 0.0000000 0.0000000 0.0000000 1.0000000 0.0000000 0.0000000 0.0000000 1.0000000 0.0000000 0.0000000 0.0000000 1.0000000 0 0 721.5377197 721.5377197 609.5593262 172.8540039 0.0013859 0.0013859 387.5744019 0.5371506 21.4860229
0.310262 -0.0109209 -0.0040624 2.8529336 0.9999932 -0.0024778 0.0027191 0.0024813 0.9999961 -0.0012912 -0.0027159 0.0012980 0.9999955 1 3 721.5377197 721.5377197 609.5593262 172.8540039 0.0013859 0.0013859 387.5744019 0.5371506 21.4860229
0.413621 -0.0077959 -0.0078439 3.8018262 0.9999856 -0.0049603 0.0020672 0.0049501 0.9999757 0.0049136 -0.0020916 -0.0049033 0.9999858 2 4 721.5377197 721.5377197 609.5593262 172.8540039 0.0013859 0.0013859 387.5744019 0.5371506 21.4860229
0.620389 -0.0082685 -0.0027392 5.6686153 0.9999375 -0.0111785 -0.0000711 0.0111786 0.9999353 0.0020783 0.0000479 -0.0020790 0.9999979 3 6 721.5377197 721.5377197 609.5593262 172.8540039 0.0013859 0.0013859 387.5744019 0.5371506 21.4860229
0.827211 -0.0206011 -0.0027207 7.5205679 0.9999340 -0.0114043 -0.0013801 0.0114018 0.9999334 -0.0017875 0.0014004 0.0017717 0.9999974 4 8 721.5377197 721.5377197 609.5593262 172.8540039 0.0013859 0.0013859 387.5744019 0.5371506 21.4860229
1.034070 -0.0395303 0.0036211 9.3758411 0.9999368 -0.0108648 -0.0028910 0.0108725 0.9999374 0.0026596 0.0028619 -0.0026908 0.9999923 5 10 721.5377197 721.5377197 609.5593262 172.8540039 0.0013859 0.0013859 387.5744019 0.5371506 21.4860229
1.244258 -0.0489769 0.0048840 11.2111921 0.9999140 -0.0122573 -0.0046692 0.0122815 0.9999111 0.0051832 0.0046052 -0.0052401 0.9999757 6 12 721.5377197 721.5377197 609.5593262 172.8540039 0.0013859 0.0013859 387.5744019 0.5371506 21.4860229
1.551083 -0.0804126 0.0183326 13.9305143 0.9998862 -0.0131713 -0.0073526 0.0131837 0.9999117 0.0016467 0.0073303 -0.0017435 0.9999716 7 15 721.5377197 721.5377197 609.5593262 172.8540039 0.0013859 0.0013859 387.5744019 0.5371506 21.4860229
1.964724 -0.1375045 0.0226259 17.5284901 0.9998331 -0.0120285 -0.0137517 0.0120135 0.9999272 -0.0011715 0.0137648 0.0010061 0.9999048 8 19 721.5377197 721.5377197 609.5593262 172.8540039 0.0013859 0.0013859 387.5744019 0.5371506 21.4860229
2.378626 -0.2126589 0.0168396 21.0764046 0.9997249 -0.0126237 -0.0197693 0.0126666 0.9999177 0.0020459 0.0197418 -0.0022957 0.9998025 9 23 721.5377197 721.5377197 609.5593262 172.8540039 0.0013859 0.0013859 387.5744019 0.5371506 21.4860229
2.793694 -0.3005679 0.0355937 24.4907665 0.9996206 -0.0128445 -0.0243644 0.0129985 0.9998965 0.0061740 0.0242826 -0.0064884 0.9996841 10 27 721.5377197 721.5377197 609.5593262 172.8540039 0.0013859 0.0013859 387.5744019 0.5371506 21.4860229
3.103545 -0.3807712 0.0371900 26.9766178 0.9995879 -0.0115331 -0.0262877 0.0116466 0.9999235 0.0041686 0.0262376 -0.0044731 0.9996457 11 30 721.5377197 721.5377197 609.5593262 172.8540039 0.0013859 0.0013859 387.5744019 0.5371506 21.4860229
3.413963 -0.4613475 0.0389174 29.3654957 0.9995244 -0.0099780 -0.0291804 0.0100372 0.9999478 0.0018838 0.0291601 -0.0021758 0.9995724 12 33 721.5377197 721.5377197 609.5593262 172.8540039 0.0013859 0.0013859 387.5744019 0.5371506 21.4860229
3.724674 -0.5438959 0.0454695 31.6738243 0.9993340 -0.0101013 -0.0350643 0.0101724 0.9999465 0.0018517 0.0350437 -0.0022071 0.9993833 13 36 721.5377197 721.5377197 609.5593262 172.8540039 0.0013859 0.0013859 387.5744019 0.5371506 21.4860229
4.034871 -0.6439684 0.0472797 33.8895493 0.9991374 -0.0079535 -0.0407573 0.0082066 0.9999480 0.0060475 0.0407071 -0.0063768 0.9991508 14 39 721.5377197 721.5377197 609.5593262 172.8540039 0.0013859 0.0013859 387.5744019 0.5371506 21.4860229
4.345966 -0.7489098 0.0581312 36.0242882 0.9989220 -0.0035745 -0.0462820 0.0038316 0.9999777 0.0054689 0.0462615 -0.0056404 0.9989135 15 42 721.5377197 721.5377197 609.5593262 172.8540039 0.0013859 0.0013859 387.5744019 0.5371506 21.4860229
4.656235 -0.8550340 0.0668461 38.0589600 0.9989161 0.0031830 -0.0464381 -0.0029184 0.9999791 0.0057645 0.0464554 -0.0056227 0.9989045 16 45 721.5377197 721.5377197 609.5593262 172.8540039 0.0013859 0.0013859 387.5744019 0.5371506 21.4860229
5.073257 -0.9721658 0.0805070 40.6510239 0.9992640 0.0111761 -0.0366954 -0.0110300 0.9999304 0.0041823 0.0367396 -0.0037745 0.9993178 17 49 721.5377197 721.5377197 609.5593262 172.8540039 0.0013859 0.0013859 387.5744019 0.5371506 21.4860229
5.588095 -1.0762560 0.0936907 43.6128769 0.9993938 0.0331284 -0.0107013 -0.0329982 0.9993819 0.0121213 0.0110963 -0.0117608 0.9998693 18 54 721.5377197 721.5377197 609.5593262 172.8540039 0.0013859 0.0013859 387.5744019 0.5371506 21.4860229
6.105870 -1.0671012 0.1040885 46.0851669 0.9983788 0.0502603 0.0267169 -0.0504305 0.9987111 0.0057350 -0.0263942 -0.0070730 0.9996266 19 59 721.5377197 721.5377197 609.5593262 172.8540039 0.0013859 0.0013859 387.5744019 0.5371506 21.4860229
6.524037 -0.9942875 0.1087559 47.6580963 0.9967164 0.0549673 0.0594559 -0.0555293 0.9984263 0.0078410 -0.0589313 -0.0111168 0.9982001 20 63 721.5377197 721.5377197 609.5593262 172.8540039 0.0013859 0.0013859 387.5744019 0.5371506 21.4860229
6.727294 -0.9455345 0.1097513 48.2835236 0.9949861 0.0637700 0.0770452 -0.0645215 0.9978896 0.0073020 -0.0764170 -0.0122365 0.9970009 21 65 721.5377197 721.5377197 609.5593262 172.8540039 0.0013859 0.0013859 387.5744019 0.5371506 21.4860229
7.038067 -0.8426499 0.1049037 49.1009598 0.9922302 0.0603061 0.1088227 -0.0608509 0.9981455 0.0016897 -0.1085190 -0.0082985 0.9940597 22 68 721.5377197 721.5377197 609.5593262 172.8540039 0.0013859 0.0013859 387.5744019 0.5371506 21.4860229
7.141701 -0.8005486 0.1081283 49.3695793 0.9906279 0.0613716 0.1220242 -0.0615210 0.9981025 -0.0025465 -0.1219489 -0.0049844 0.9925238 23 69 721.5377197 721.5377197 609.5593262 172.8540039 0.0013859 0.0013859 387.5744019 0.5371506 21.4860229
7.353300 -0.7097054 0.1039639 49.8825340 0.9860119 0.0647071 0.1536021 -0.0645431 0.9978966 -0.0060592 -0.1536711 -0.0039396 0.9881142 24 71 721.5377197 721.5377197 609.5593262 172.8540039 0.0013859 0.0013859 387.5744019 0.5371506 21.4860229
8.074250 -0.2002764 0.0787889 51.5925713 0.9527100 0.0683541 0.2960936 -0.0668051 0.9976478 -0.0153579 -0.2964469 -0.0051489 0.9550354 25 78 721.5377197 721.5377197 609.5593262 172.8540039 0.0013859 0.0013859 387.5744019 0.5371506 21.4860229
8.799662 0.7316265 0.0246822 53.2052765 0.8587624 0.0704179 0.5075120 -0.0622778 0.9975123 -0.0330256 -0.5085750 -0.0032456 0.8610116 26 85 721.5377197 721.5377197 609.5593262 172.8540039 0.0013859 0.0013859 387.5744019 0.5371506 21.4860229
9.525112 2.3788052 -0.0804886 54.7840347 0.6459091 0.0804658 0.7591618 -0.0626480 0.9966624 -0.0523372 -0.7608394 -0.0137549 0.6487944 27 92 721.5377197 721.5377197 609.5593262 172.8540039 0.0013859 0.0013859 387.5744019 0.5371506 21.4860229
9.939685 3.8703327 -0.1609519 55.5930328 0.4598694 0.0771702 0.8846270 -0.0524616 0.9968376 -0.0596869 -0.8864355 -0.0189608 0.4624635 28 96 721.5377197 721.5377197 609.5593262 172.8540039 0.0013859 0.0013859 387.5744019 0.5371506 21.4860229
10.250360 5.2161503 -0.2251893 56.0475731 0.3102109 0.0753047 0.9476805 -0.0533263 0.9966666 -0.0617416 -0.9491709 -0.0313834 0.3131926 29 99 721.5377197 721.5377197 609.5593262 172.8540039 0.0013859 0.0013859 387.5744019 0.5371506 21.4860229
10.664530 7.2410707 -0.3374312 56.3141823 0.1384622 0.0665862 0.9881268 -0.0167248 0.9977522 -0.0648913 -0.9902265 -0.0075412 0.1392646 30 103 721.5377197 721.5377197 609.5593262 172.8540039 0.0013859 0.0013859 387.5744019 0.5371506 21.4860229
11.077200 9.4700880 -0.4624598 56.3684731 0.0321247 0.0631601 0.9974862 0.0112125 0.9979157 -0.0635484 -0.9994210 0.0132258 0.0313496 31 107 721.5377197 721.5377197 609.5593262 172.8540039 0.0013859 0.0013859 387.5744019 0.5371506 21.4860229
11.488980 11.8934412 -0.5980660 56.3321419 -0.0178037 0.0684876 0.9974931 0.0204928 0.9974666 -0.0681200 -0.9996315 0.0192287 -0.0191621 32 111 721.5377197 721.5377197 609.5593262 172.8540039 0.0013859 0.0013859 387.5744019 0.5371506 21.4860229
11.901710 14.5180817 -0.7440289 56.2483292 -0.0350324 0.0601308 0.9975756 0.0204933 0.9980216 -0.0594380 -0.9991760 0.0183614 -0.0361954 33 115 721.5377197 721.5377197 609.5593262 172.8540039 0.0013859 0.0013859 387.5744019 0.5371506 21.4860229
12.417650 18.0189838 -0.9218820 56.1207275 -0.0338612 0.0695965 0.9970004 0.0298230 0.9971986 -0.0685974 -0.9989815 0.0274107 -0.0358420 34 120 721.5377197 721.5377197 609.5593262 172.8540039 0.0013859 0.0013859 387.5744019 0.5371506 21.4860229
12.830730 20.9827919 -1.0832093 56.0470047 -0.0242882 0.0581727 0.9980111 0.0274631 0.9979676 -0.0575018 -0.9993277 0.0260119 -0.0258365 35 124 721.5377197 721.5377197 609.5593262 172.8540039 0.0013859 0.0013859 387.5744019 0.5371506 21.4860229
13.244210 23.9444141 -1.2591530 56.0113487 -0.0119660 0.0659918 0.9977484 0.0260596 0.9975015 -0.0656630 -0.9995888 0.0252152 -0.0136558 36 128 721.5377197 721.5377197 609.5593262 172.8540039 0.0013859 0.0013859 387.5744019 0.5371506 21.4860229
13.657960 26.9247494 -1.4447621 56.0047989 0.0028443 0.0686043 0.9976399 0.0305127 0.9971734 -0.0686593 -0.9995303 0.0306360 0.0007429 37 132 721.5377197 721.5377197 609.5593262 172.8540039 0.0013859 0.0013859 387.5744019 0.5371506 21.4860229
14.071640 29.9303036 -1.6398568 56.0317764 0.0174140 0.0663041 0.9976475 0.0416878 0.9968830 -0.0669810 -0.9989789 0.0427562 0.0145956 38 136 721.5377197 721.5377197 609.5593262 172.8540039 0.0013859 0.0013859 387.5744019 0.5371506 21.4860229
14.588970 33.6976891 -1.8730860 56.1365623 0.0334975 0.0657848 0.9972714 0.0409697 0.9969023 -0.0671366 -0.9985987 0.0431069 0.0306986 39 141 721.5377197 721.5377197 609.5593262 172.8540039 0.0013859 0.0013859 387.5744019 0.5371506 21.4860229
15.106400 37.5016785 -2.1053343 56.3173103 0.0471249 0.0679372 0.9965760 0.0346509 0.9969728 -0.0696028 -0.9982878 0.0378123 0.0446282 40 146 721.5377197 721.5377197 609.5593262 172.8540039 0.0013859 0.0013859 387.5744019 0.5371506 21.4860229
15.520220 40.5943909 -2.3133173 56.5220108 0.0590825 0.0748201 0.9954453 0.0238013 0.9967982 -0.0763345 -0.9979693 0.0282029 0.0571125 41 150 721.5377197 721.5377197 609.5593262 172.8540039 0.0013859 0.0013859 387.5744019 0.5371506 21.4860229
16.039410 44.5334473 -2.6001453 56.8173561 0.0793734 0.0752995 0.9939969 0.0206417 0.9968050 -0.0771605 -0.9966312 0.0266422 0.0775654 42 155 721.5377197 721.5377197 609.5593262 172.8540039 0.0013859 0.0013859 387.5744019 0.5371506 21.4860229
16.554450 48.4883728 -2.9175506 57.2543106 0.1119732 0.0934530 0.9893071 0.0061303 0.9954841 -0.0947303 -0.9936923 0.0166720 0.1108947 43 160 721.5377197 721.5377197 609.5593262 172.8540039 0.0013859 0.0013859 387.5744019 0.5371506 21.4860229
17.175580 53.3682404 -3.3169250 57.9808426 0.1561906 0.0746858 0.9848992 0.0003420 0.9971330 -0.0756677 -0.9877269 0.0121554 0.1557173 44 166 721.5377197 721.5377197 609.5593262 172.8540039 0.0013859 0.0013859 387.5744019 0.5371506 21.4860229
17.693880 57.2419472 -3.6293688 58.6819801 0.1827532 0.0846391 0.9795088 -0.0001214 0.9962894 -0.0860664 -0.9831588 0.0156100 0.1820853 45 171 721.5377197 721.5377197 609.5593262 172.8540039 0.0013859 0.0013859 387.5744019 0.5371506 21.4860229
18.209790 60.9421692 -3.9028654 59.4496727 0.1987725 0.0707039 0.9774919 -0.0079801 0.9974779 -0.0705268 -0.9800132 0.0062183 0.1988354 46 176 721.5377197 721.5377197 609.5593262 172.8540039 0.0013859 0.0013859 387.5744019 0.5371506 21.4860229
18.830950 65.0445328 -4.2290530 60.3550568 0.2081474 0.0830103 0.9745686 -0.0147097 0.9965451 -0.0817405 -0.9779869 0.0026785 0.2086493 47 182 721.5377197 721.5377197 609.5593262 172.8540039 0.0013859 0.0013859 387.5744019 0.5371506 21.4860229
19.351800 68.2116547 -4.4871187 61.0477066 0.2030590 0.0822023 0.9757099 -0.0160142 0.9966154 -0.0806308 -0.9790356 0.0007476 0.2036881 48 187 721.5377197 721.5377197 609.5593262 172.8540039 0.0013859 0.0013859 387.5744019 0.5371506 21.4860229
19.763960 70.5840988 -4.6777105 61.5300331 0.1947208 0.0828370 0.9773545 -0.0129553 0.9965577 -0.0818835 -0.9807732 0.0032825 0.1951236 49 191 721.5377197 721.5377197 609.5593262 172.8540039 0.0013859 0.0013859 387.5744019 0.5371506 21.4860229
20.073350 72.2787476 -4.8179007 61.8558617 0.1889786 0.0796500 0.9787456 -0.0057897 0.9967781 -0.0799996 -0.9819641 0.0094516 0.1888309 50 194 721.5377197 721.5377197 609.5593262 172.8540039 0.0013859 0.0013859 387.5744019 0.5371506 21.4860229
20.590890 75.0049973 -5.0292530 62.3449631 0.1834388 0.0830633 0.9795156 0.0052143 0.9963275 -0.0854655 -0.9830173 0.0207851 0.1823320 51 199 721.5377197 721.5377197 609.5593262 172.8540039 0.0013859 0.0013859 387.5744019 0.5371506 21.4860229
21.213570 78.3295593 -5.2781081 63.0201035 0.2105662 0.0805620 0.9742544 0.0082514 0.9964166 -0.0841779 -0.9775448 0.0257640 0.2091469 52 205 721.5377197 721.5377197 609.5593262 172.8540039 0.0013859 0.0013859 387.5744019 0.5371506 21.4860229
21.833000 81.8370667 -5.5504818 63.9686127 0.2672153 0.0865337 0.9597437 -0.0088269 0.9961379 -0.0873575 -0.9635964 0.0148717 0.2669472 53 211 721.5377197 721.5377197 609.5593262 172.8540039 0.0013859 0.0013859 387.5744019 0.5371506 21.4860229
22.245290 84.3296738 -5.7452192 64.7841263 0.3076071 0.0908234 0.9471689 -0.0188040 0.9958199 -0.0893816 -0.9513276 0.0096839 0.3080291 54 215 721.5377197 721.5377197 609.5593262 172.8540039 0.0013859 0.0013859 387.5744019 0.5371506 21.4860229
22.555690 86.3130569 -5.8993335 65.4963837 0.3397125 0.0744316 0.9375795 -0.0131101 0.9971415 -0.0744099 -0.9404380 0.0129862 0.3397172 55 218 721.5377197 721.5377197 609.5593262 172.8540039 0.0013859 0.0013859 387.5744019 0.5371506 21.4860229
22.865960 88.3848953 -6.0248966 66.2996979 0.3681679 0.0635488 0.9275850 -0.0009917 0.9976877 -0.0679580 -0.9297588 0.0241000 0.3673796 56 221 721.5377197 721.5377197 609.5593262 172.8540039 0.0013859 0.0013859 387.5744019 0.5371506 21.4860229
23.072970 89.8102951 -6.1123180 66.8725052 0.3821903 0.0494869 0.9227576 0.0140239 0.9981394 -0.0593380 -0.9239773 0.0356190 0.3807852 57 223 721.5377197 721.5377197 609.5593262 172.8540039 0.0013859 0.0013859 387.5744019 0.5371506 21.4860229
23.384670 91.9458847 -6.2401271 67.7968826 0.4041595 0.0604300 0.9126901 0.0218839 0.9968908 -0.0756956 -0.9144267 0.0505663 0.4015805 58 226 721.5377197 721.5377197 609.5593262 172.8540039 0.0013859 0.0013859 387.5744019 0.5371506 21.4860229
23.798210 94.7066269 -6.4626293 69.1014404 0.4219635 0.0709672 0.9038310 0.0052093 0.9967254 -0.0806931 -0.9065979 0.0387579 0.4202121 59 230 721.5377197 721.5377197 609.5593262 172.8540039 0.0013859 0.0013859 387.5744019 0.5371506 21.4860229
24.315110 97.9846573 -6.7488718 70.7203445 0.4407393 0.0710003 0.8948228 -0.0011921 0.9969124 -0.0785135 -0.8976344 0.0335373 0.4394630 60 235 721.5377197 721.5377197 609.5593262 172.8540039 0.0013859 0.0013859 387.5744019 0.5371506 21.4860229
24.832200 101.0285034 -7.0255766 72.2751999 0.4544047 0.0690402 0.8881159 0.0002268 0.9969831 -0.0776193 -0.8907954 0.0354720 0.4530181 61 240 721.5377197 721.5377197 609.5593262 172.8540039 0.0013859 0.0013859 387.5744019 0.5371506 21.4860229
25.452750 104.3761215 -7.3189335 74.0385590 0.4695895 0.0677732 0.8802798 0.0072631 0.9967191 -0.0806124 -0.8828550 0.0442484 0.4675566 62 246 721.5377197 721.5377197 609.5593262 172.8540039 0.0013859 0.0013859 387.5744019 0.5371506 21.4860229
26.177790 107.9331894 -7.6427007 76.0235367 0.4961618 0.0697628 0.8654228 0.0113511 0.9961603 -0.0868095 -0.8681559 0.0528950 0.4934648 63 253 721.5377197 721.5377197 609.5593262 172.8540039 0.0013859 0.0013859 387.5744019 0.5371506 21.4860229
26.590190 109.8485184 -7.8437672 77.2162552 0.5198013 0.0933892 0.8491672 -0.0062893 0.9943982 -0.1055115 -0.8542640 0.0495043 0.5174769 64 257 721.5377197 721.5377197 609.5593262 172.8540039 0.0013859 0.0013859 387.5744019 0.5371506 21.4860229
27.003850 111.8307190 -8.0558939 78.5394211 0.5423936 0.0889511 0.8354023 -0.0299793 0.9957950 -0.0865649 -0.8395894 0.0219075 0.5427795 65 261 721.5377197 721.5377197 609.5593262 172.8540039 0.0013859 0.0013859 387.5744019 0.5371506 21.4860229
27.313990 113.3689575 -8.1963501 79.6268311 0.5606791 0.0945012 0.8226230 -0.0414099 0.9954231 -0.0861282 -0.8269971 0.0142255 0.5620262 66 264 721.5377197 721.5377197 609.5593262 172.8540039 0.0013859 0.0013859 387.5744019 0.5371506 21.4860229
27.624170 114.9684219 -8.3457937 80.8086929 0.5790737 0.1008976 0.8090076 -0.0496983 0.9948356 -0.0885005 -0.8137590 0.0110420 0.5810975 67 267 721.5377197 721.5377197 609.5593262 172.8540039 0.0013859 0.0013859 387.5744019 0.5371506 21.4860229
28.037820 117.2148056 -8.5536594 82.5518646 0.6074045 0.0991952 0.7881752 -0.0571283 0.9950587 -0.0812067 -0.7923359 0.0042982 0.6100699 68 271 721.5377197 721.5377197 609.5593262 172.8540039 0.0013859 0.0013859 387.5744019 0.5371506 21.4860229
28.451340 119.5812531 -8.7515745 84.5322723 0.6347179 0.1021581 0.7659613 -0.0642853 0.9947675 -0.0794042 -0.7700652 0.0011592 0.6379641 69 275 721.5377197 721.5377197 609.5593262 172.8540039 0.0013859 0.0013859 387.5744019 0.5371506 21.4860229
28.866830 122.0821686 -8.9774952 86.6604080 0.6496764 0.0876660 0.7551392 -0.0459396 0.9960406 -0.0761092 -0.7588215 0.0147556 0.6511314 70 279 721.5377197 721.5377197 609.5593262 172.8540039 0.0013859 0.0013859 387.5744019 0.5371506 21.4860229
29.279330 124.6523895 -9.1950188 88.9342346 0.6630836 0.0762214 0.7446545 -0.0348202 0.9968662 -0.0710314 -0.7477350 0.0211707 0.6636597 71 283 721.5377197 721.5377197 609.5593262 172.8540039 0.0013859 0.0013859 387.5744019 0.5371506 21.4860229
29.692890 127.2354660 -9.4035845 91.3539429 0.6754126 0.0793362 0.7331600 -0.0508636 0.9968402 -0.0610121 -0.7356839 0.0039173 0.6773137 72 287 721.5377197 721.5377197 609.5593262 172.8540039 0.0013859 0.0013859 387.5744019 0.5371506 21.4860229
30.106560 129.8450775 -9.5792723 93.8430099 0.6931593 0.0637223 0.7179621 -0.0320743 0.9978247 -0.0575951 -0.7200704 0.0168944 0.6936953 73 291 721.5377197 721.5377197 609.5593262 172.8540039 0.0013859 0.0013859 387.5744019 0.5371506 21.4860229
30.623580 133.0686798 -9.8372269 97.0891495 0.7215766 0.0522558 0.6903597 -0.0115404 0.9979168 -0.0634736 -0.6922384 0.0378341 0.7206765 74 296 721.5377197 721.5377197 609.5593262 172.8540039 0.0013859 0.0013859 387.5744019 0.5371506 21.4860229
31.142770 136.2384186 -10.1140232 100.4962234 0.7370092 0.0424013 0.6745514 -0.0003680 0.9980553 -0.0623342 -0.6758826 0.0456927 0.7355915 75 301 721.5377197 721.5377197 609.5593262 172.8540039 0.0013859 0.0013859 387.5744019 0.5371506 21.4860229
31.661730 139.4028168 -10.3627901 104.0000458 0.7358680 0.0430200 0.6757571 -0.0030507 0.9981802 -0.0602240 -0.6771182 0.0422554 0.7346601 76 306 721.5377197 721.5377197 609.5593262 172.8540039 0.0013859 0.0013859 387.5744019 0.5371506 21.4860229
32.176640 142.5816040 -10.6305542 107.4622269 0.7246254 0.0487663 0.6874153 -0.0144060 0.9983470 -0.0556384 -0.6889923 0.0304141 0.7241302 77 311 721.5377197 721.5377197 609.5593262 172.8540039 0.0013859 0.0013859 387.5744019 0.5371506 21.4860229
32.589890 145.1208344 -10.8397961 110.1268387 0.7120995 0.0660745 0.6989625 -0.0190631 0.9970142 -0.0748286 -0.7018197 0.0399610 0.7112329 78 315 721.5377197 721.5377197 609.5593262 172.8540039 0.0013859 0.0013859 387.5744019 0.5371506 21.4860229
33.106800 148.3354492 -11.1198969 113.3324127 0.6950217 0.0593346 0.7165363 -0.0231670 0.9979196 -0.0601639 -0.7186154 0.0252153 0.6949504 79 320 721.5377197 721.5377197 609.5593262 172.8540039 0.0013859 0.0013859 387.5744019 0.5371506 21.4860229
33.623980 151.6045380 -11.3929253 116.4192734 0.6767539 0.0605500 0.7337151 -0.0154965 0.9975629 -0.0680307 -0.7360462 0.0346700 0.6760429 80 325 721.5377197 721.5377197 609.5593262 172.8540039 0.0013859 0.0013859 387.5744019 0.5371506 21.4860229
33.934650 153.6075134 -11.5597811 118.2434921 0.6599002 0.0699368 0.7480913 -0.0208395 0.9969792 -0.0748217 -0.7510642 0.0337850 0.6593642 81 328 721.5377197 721.5377197 609.5593262 172.8540039 0.0013859 0.0013859 387.5744019 0.5371506 21.4860229
34.244700 155.6805573 -11.7431402 120.0369644 0.6407169 0.0725564 0.7643412 -0.0240991 0.9969347 -0.0744344 -0.7673990 0.0292714 0.6405014 82 331 721.5377197 721.5377197 609.5593262 172.8540039 0.0013859 0.0013859 387.5744019 0.5371506 21.4860229
34.451590 157.1093597 -11.8635492 121.2281647 0.6264821 0.0638620 0.7768152 -0.0295766 0.9978678 -0.0581820 -0.7788745 0.0134744 0.6270351 83 333 721.5377197 721.5377197 609.5593262 172.8540039 0.0013859 0.0013859 387.5744019 0.5371506 21.4860229
34.659100 158.5571442 -11.9530773 122.3799438 0.6112572 0.0665538 0.7886288 -0.0328897 0.9977332 -0.0587080 -0.7907484 0.0099480 0.6120605 84 335 721.5377197 721.5377197 609.5593262 172.8540039 0.0013859 0.0013859 387.5744019 0.5371506 21.4860229
34.866170 160.0530090 -12.0538836 123.5133057 0.5976317 0.0753596 0.7982213 -0.0262820 0.9968793 -0.0744373 -0.8013399 0.0235073 0.5977473 85 337 721.5377197 721.5377197 609.5593262 172.8540039 0.0013859 0.0013859 387.5744019 0.5371506 21.4860229
35.176790 162.3394928 -12.2390509 125.1521759 0.5763471 0.0663390 0.8145080 -0.0152417 0.9973989 -0.0704498 -0.8170629 0.0281891 0.5758590 86 340 721.5377197 721.5377197 609.5593262 172.8540039 0.0013859 0.0013859 387.5744019 0.5371506 21.4860229
35.486280 164.6174774 -12.4192448 126.7166595 0.5562511 0.0649134 0.8284751 -0.0111702 0.9974384 -0.0706523 -0.8309392 0.0300462 0.5555514 87 343 721.5377197 721.5377197 609.5593262 172.8540039 0.0013859 0.0013859 387.5744019 0.5371506 21.4860229
35.900040 167.6097107 -12.6495600 128.6793060 0.5366306 0.0577025 0.8418421 -0.0079562 0.9979608 -0.0633317 -0.8437798 0.0272879 0.5359954 88 347 721.5377197 721.5377197 609.5593262 172.8540039 0.0013859 0.0013859 387.5744019 0.5371506 21.4860229
36.417070 171.2371368 -12.9306307 130.9486389 0.5217960 0.0557772 0.8512449 -0.0051841 0.9980491 -0.0622187 -0.8530545 0.0280526 0.5210672 89 352 721.5377197 721.5377197 609.5593262 172.8540039 0.0013859 0.0013859 387.5744019 0.5371506 21.4860229
37.040370 175.3732147 -13.2397223 133.4416504 0.5081128 0.0682823 0.8585796 0.0062727 0.9965327 -0.0829658 -0.8612677 0.0475416 0.5059227 90 358 721.5377197 721.5377197 609.5593262 172.8540039 0.0013859 0.0013859 387.5744019 0.5371506 21.4860229
37.451400 178.0199738 -13.4509916 135.0159454 0.4970483 0.0529484 0.8661059 -0.0104601 0.9984297 -0.0550350 -0.8676599 0.0182955 0.4968216 91 362 721.5377197 721.5377197 609.5593262 172.8540039 0.0013859 0.0013859 387.5744019 0.5371506 21.4860229
37.865070 180.5795135 -13.6115789 136.4653778 0.4872856 0.0556850 0.8714654 -0.0066817 0.9981733 -0.0600453 -0.8732170 0.0234363 0.4867676 92 366 721.5377197 721.5377197 609.5593262 172.8540039 0.0013859 0.0013859 387.5744019 0.5371506 21.4860229
38.278810 183.0316162 -13.7822428 137.8132935 0.4744554 0.0589648 0.8783025 -0.0042173 0.9978948 -0.0647154 -0.8802694 0.0270005 0.4737053 93 370 721.5377197 721.5377197 609.5593262 172.8540039 0.0013859 0.0013859 387.5744019 0.5371506 21.4860229
38.692720 185.4050751 -13.9526062 139.0510254 0.4528369 0.0692195 0.8889024 -0.0014531 0.9970378 -0.0768998 -0.8915921 0.0335314 0.4515961 94 374 721.5377197 721.5377197 609.5593262 172.8540039 0.0013859 0.0013859 387.5744019 0.5371506 21.4860229
39.106870 187.8536377 -14.1440296 140.2551727 0.4270112 0.0761834 0.9010314 -0.0115008 0.9968216 -0.0788321 -0.9041732 0.0232996 0.4265301 95 378 721.5377197 721.5377197 609.5593262 172.8540039 0.0013859 0.0013859 387.5744019 0.5371506 21.4860229
39.520900 190.4080353 -14.3534508 141.4186707 0.3976591 0.0904151 0.9130675 -0.0186097 0.9957230 -0.0904951 -0.9173445 0.0189943 0.3976409 96 382 721.5377197 721.5377197 609.5593262 172.8540039 0.0013859 0.0013859 387.5744019 0.5371506 21.4860229
39.831290 192.4252014 -14.5332088 142.2627411 0.3754021 0.0957641 0.9219016 -0.0168458 0.9951888 -0.0965172 -0.9267089 0.0207026 0.3752092 97 385 721.5377197 721.5377197 609.5593262 172.8540039 0.0013859 0.0013859 387.5744019 0.5371506 21.4860229
40.245190 195.2985077 -14.7843342 143.3711090 0.3467270 0.0862638 0.9339909 -0.0148161 0.9961413 -0.0865038 -0.9378491 0.0161551 0.3466671 98 389 721.5377197 721.5377197 609.5593262 172.8540039 0.0013859 0.0013859 387.5744019 0.5371506 21.4860229
40.660160 198.3930511 -15.0100155 144.4607544 0.3247311 0.0712553 0.9431185 -0.0062315 0.9972976 -0.0732031 -0.9457859 0.0178943 0.3242975 99 393 721.5377197 721.5377197 609.5593262 172.8540039 0.0013859 0.0013859 387.5744019 0.5371506 21.4860229
40.969360 200.7872772 -15.1973572 145.2386932 0.3118619 0.0970877 0.9451540 0.0078428 0.9944686 -0.1047412 -0.9500951 0.0400774 0.3093754 100 396 721.5377197 721.5377197 609.5593262 172.8540039 0.0013859 0.0013859 387.5744019 0.5371506 21.4860229
41.176820 202.4722443 -15.3506451 145.7545471 0.3034885 0.0847008 0.9490629 0.0207847 0.9952157 -0.0954663 -0.9526084 0.0486989 0.3002760 101 398 721.5377197 721.5377197 609.5593262 172.8540039 0.0013859 0.0013859 387.5744019 0.5371506 21.4860229
41.385110 204.1807251 -15.5076427 146.2778625 0.2940530 0.0849961 0.9520023 0.0204747 0.9952493 -0.0951815 -0.9555698 0.0474803 0.2909158 102 400 721.5377197 721.5377197 609.5593262 172.8540039 0.0013859 0.0013859 387.5744019 0.5371506 21.4860229
41.592690 205.8916779 -15.6563425 146.8115997 0.2844935 0.0978849 0.9536676 0.0124342 0.9943133 -0.1057661 -0.9585974 0.0419479 0.2816585 103 402 721.5377197 721.5377197 609.5593262 172.8540039 0.0013859 0.0013859 387.5744019 0.5371506 21.4860229
41.796670 207.6353302 -15.8238754 147.3322296 0.2730017 0.0903533 0.9577611 0.0067089 0.9953766 -0.0958142 -0.9619902 0.0325830 0.2711333 104 404 721.5377197 721.5377197 609.5593262 172.8540039 0.0013859 0.0013859 387.5744019 0.5371506 21.4860229
42.003560 209.4044647 -15.9806137 147.8293457 0.2625524 0.0956346 0.9601668 0.0044692 0.9949451 -0.1003207 -0.9649074 0.0306306 0.2607977 105 406 721.5377197 721.5377197 609.5593262 172.8540039 0.0013859 0.0013859 387.5744019 0.5371506 21.4860229
42.106940 210.3059082 -16.0649929 148.0677490 0.2578331 0.0957311 0.9614352 0.0075626 0.9948489 -0.1010862 -0.9661599 0.0333343 0.2557811 106 407 721.5377197 721.5377197 609.5593262 172.8540039 0.0013859 0.0013859 387.5744019 0.5371506 21.4860229
42.210320 211.1975708 -16.1501656 148.2917633 0.2538411 0.0949498 0.9625742 0.0118181 0.9947914 -0.1012443 -0.9671737 0.0370758 0.2513969 107 408 721.5377197 721.5377197 609.5593262 172.8540039 0.0013859 0.0013859 387.5744019 0.5371506 21.4860229
42.313830 212.1264496 -16.2341118 148.5346985 0.2499768 0.0939150 0.9636865 0.0135399 0.9948485 -0.1004641 -0.9681571 0.0381619 0.2474175 108 409 721.5377197 721.5377197 609.5593262 172.8540039 0.0013859 0.0013859 387.5744019 0.5371506 21.4860229
42.520590 213.9638824 -16.4043560 149.0016022 0.2433598 0.0922512 0.9655391 0.0165233 0.9949279 -0.0992238 -0.9697953 0.0401010 0.2406012 109 411 721.5377197 721.5377197 609.5593262 172.8540039 0.0013859 0.0013859 387.5744019 0.5371506 21.4860229
42.727360 215.8351440 -16.5741959 149.4692383 0.2380394 0.0890481 0.9671648 0.0146511 0.9953457 -0.0952487 -0.9711450 0.0368430 0.2356268 110 413 721.5377197 721.5377197 609.5593262 172.8540039 0.0013859 0.0013859 387.5744019 0.5371506 21.4860229
42.934150 217.7041168 -16.7497177 149.9331665 0.2337887 0.0915549 0.9679672 0.0094541 0.9952955 -0.0964231 -0.9722415 0.0316939 0.2318233 111 415 721.5377197 721.5377197 609.5593262 172.8540039 0.0013859 0.0013859 387.5744019 0.5371506 21.4860229
43.140760 219.5749664 -16.9179630 150.3877563 0.2300610 0.0931316 0.9687097 0.0089183 0.9951668 -0.0977932 -0.9731354 0.0311376 0.2281185 112 417 721.5377197 721.5377197 609.5593262 172.8540039 0.0013859 0.0013859 387.5744019 0.5371506 21.4860229
43.244710 220.5142059 -17.0085487 150.6147308 0.2285517 0.0922280 0.9691533 0.0088344 0.9952650 -0.0967963 -0.9734917 0.0306848 0.2266548 113 418 721.5377197 721.5377197 609.5593262 172.8540039 0.0013859 0.0013859 387.5744019 0.5371506 21.4860229
43.450910 222.3844910 -17.1813145 151.0434875 0.2262437 0.0855431 0.9703072 0.0129311 0.9957848 -0.0908044 -0.9739849 0.0330910 0.2241839 114 420 721.5377197 721.5377197 609.5593262 172.8540039 0.0013859 0.0013859 387.5744019 0.5371506 21.4860229
43.660340 224.2328033 -17.3406448 151.4778595 0.2225293 0.0941786 0.9703665 0.0106350 0.9950295 -0.0990111 -0.9748680 0.0323527 0.2204216 115 422 721.5377197 721.5377197 609.5593262 172.8540039 0.0013859 0.0013859 387.5744019 0.5371506 21.4860229
43.865300 226.0818481 -17.5183849 151.8990479 0.2177014 0.0976479 0.9711184 0.0093767 0.9947275 -0.1021239 -0.9759704 0.0313384 0.2156380 116 424 721.5377197 721.5377197 609.5593262 172.8540039 0.0013859 0.0013859 387.5744019 0.5371506 21.4860229
44.176790 228.8925934 -17.7804794 152.5132141 0.2083242 0.0840324 0.9744432 0.0093376 0.9960860 -0.0878950 -0.9780152 0.0274096 0.2067242 117 427 721.5377197 721.5377197 609.5593262 172.8540039 0.0013859 0.0013859 387.5744019 0.5371506 21.4860229
44.485720 231.6756897 -18.0155945 153.0927124 0.1959780 0.0863799 0.9767963 0.0084187 0.9959278 -0.0897608 -0.9805722 0.0258145 0.1944528 118 430 721.5377197 721.5377197 609.5593262 172.8540039 0.0013859 0.0013859 387.5744019 0.5371506 21.4860229
44.796760 234.4409485 -18.2519283 153.6276550 0.1837762 0.0844337 0.9793351 0.0083199 0.9961348 -0.0874434 -0.9829329 0.0242180 0.1823634 119 433 721.5377197 721.5377197 609.5593262 172.8540039 0.0013859 0.0013859 387.5744019 0.5371506 21.4860229
45.107140 237.2205658 -18.4828510 154.1467590 0.1713370 0.0857937 0.9814699 0.0018694 0.9961711 -0.0874051 -0.9852107 0.0168105 0.1705206 120 436 721.5377197 721.5377197 609.5593262 172.8540039 0.0013859 0.0013859 387.5744019 0.5371506 21.4860229
45.416890 239.9719849 -18.7084312 154.6419678 0.1602075 0.0969821 0.9823075 -0.0100497 0.9952703 -0.0966228 -0.9870322 0.0056078 0.1604244 121 439 721.5377197 721.5377197 609.5593262 172.8540039 0.0013859 0.0013859 387.5744019 0.5371506 21.4860229
45.727180 242.7202606 -18.9581909 155.0971985 0.1497166 0.0932373 0.9843230 -0.0130222 0.9956434 -0.0923289 -0.9886432 0.0010051 0.1502785 122 442 721.5377197 721.5377197 609.5593262 172.8540039 0.0013859 0.0013859 387.5744019 0.5371506 21.4860229
46.037440 245.4508514 -19.1892071 155.5043182 0.1399566 0.0890351 0.9861465 -0.0102430 0.9960259 -0.0884734 -0.9901047 0.0022813 0.1403124 123 445 721.5377197 721.5377197 609.5593262 172.8540039 0.0013859 0.0013859 387.5744019 0.5371506 21.4860229
46.244200 247.2638245 -19.3458786 155.7603455 0.1312738 0.0938398 0.9868948 -0.0108488 0.9955862 -0.0932232 -0.9912868 0.0015312 0.1317125 124 447 721.5377197 721.5377197 609.5593262 172.8540039 0.0013859 0.0013859 387.5744019 0.5371506 21.4860229
46.451100 249.0801086 -19.4960690 155.9825134 0.1220345 0.0838206 0.9889801 -0.0015163 0.9964421 -0.0842659 -0.9925247 0.0087837 0.1217274 125 449 721.5377197 721.5377197 609.5593262 172.8540039 0.0013859 0.0013859 387.5744019 0.5371506 21.4860229
46.761380 251.7386780 -19.7367783 156.2826538 0.1073342 0.1091232 0.9882163 0.0031634 0.9939159 -0.1100961 -0.9942180 0.0149432 0.1063360 126 452 721.5377197 721.5377197 609.5593262 172.8540039 0.0013859 0.0013859 387.5744019 0.5371506 21.4860229
46.968250 253.5230713 -19.9199486 156.4793549 0.0959785 0.1080672 0.9894997 -0.0019716 0.9941077 -0.1083792 -0.9953815 0.0084511 0.0956260 127 454 721.5377197 721.5377197 609.5593262 172.8540039 0.0013859 0.0013859 387.5744019 0.5371506 21.4860229
47.175200 255.3175049 -20.0934982 156.6496582 0.0854594 0.0972061 0.9915885 -0.0063891 0.9952623 -0.0970156 -0.9963211 0.0019555 0.0856756 128 456 721.5377197 721.5377197 609.5593262 172.8540039 0.0013859 0.0013859 387.5744019 0.5371506 21.4860229
47.382040 257.0888672 -20.2575455 156.8040466 0.0719753 0.0949449 0.9928771 -0.0138108 0.9954584 -0.0941906 -0.9973108 -0.0069331 0.0729597 129 458 721.5377197 721.5377197 609.5593262 172.8540039 0.0013859 0.0013859 387.5744019 0.5371506 21.4860229
47.692300 259.7260132 -20.4872246 156.9775543 0.0508881 0.0888336 0.9947457 -0.0152880 0.9959888 -0.0881625 -0.9985874 -0.0107212 0.0520421 130 461 721.5377197 721.5377197 609.5593262 172.8540039 0.0013859 0.0013859 387.5744019 0.5371506 21.4860229
47.899190 261.4749451 -20.6306038 157.0551910 0.0380561 0.0947862 0.9947700 -0.0109225 0.9954711 -0.0944351 -0.9992159 -0.0072715 0.0389191 131 463 721.5377197 721.5377197 609.5593262 172.8540039 0.0013859 0.0013859 387.5744019 0.5371506 21.4860229
48.209330 264.1124268 -20.8598080 157.1385956 0.0194273 0.0894461 0.9958022 -0.0086082 0.9959682 -0.0892931 -0.9997742 -0.0068373 0.0201189 132 466 721.5377197 721.5377197 609.5593262 172.8540039 0.0013859 0.0013859 387.5744019 0.5371506 21.4860229
48.519480 266.7196655 -21.0855255 157.1744690 0.0062174 0.0967075 0.9952934 -0.0043792 0.9953058 -0.0966813 -0.9999711 -0.0037574 0.0066117 133 469 721.5377197 721.5377197 609.5593262 172.8540039 0.0013859 0.0013859 387.5744019 0.5371506 21.4860229
48.829380 269.3354492 -21.3201580 157.1735077 -0.0002270 0.0914053 0.9958137 0.0049154 0.9958019 -0.0914031 -0.9999879 0.0048740 -0.0006753 134 472 721.5377197 721.5377197 609.5593262 172.8540039 0.0013859 0.0013859 387.5744019 0.5371506 21.4860229
49.242780 272.7861023 -21.6204491 157.1678925 -0.0030593 0.0951021 0.9954628 0.0140962 0.9953727 -0.0950502 -0.9998960 0.0137414 -0.0043857 135 476 721.5377197 721.5377197 609.5593262 172.8540039 0.0013859 0.0013859 387.5744019 0.5371506 21.4860229
49.656580 276.1184082 -21.9391499 157.1641388 0.0036688 0.0946384 0.9955050 0.0208540 0.9952879 -0.0946946 -0.9997758 0.0211077 0.0016780 136 480 721.5377197 721.5377197 609.5593262 172.8540039 0.0013859 0.0013859 387.5744019 0.5371506 21.4860229
50.069330 279.3085022 -22.2285652 157.2157745 0.0158238 0.0844903 0.9962987 0.0185622 0.9962268 -0.0847791 -0.9997025 0.0198350 0.0141957 137 484 721.5377197 721.5377197 609.5593262 172.8540039 0.0013859 0.0013859 387.5744019 0.5371506 21.4860229
50.483680 282.3204041 -22.4804134 157.3254700 0.0308810 0.0836913 0.9960131 0.0103818 0.9964077 -0.0840463 -0.9994692 0.0129359 0.0299012 138 488 721.5377197 721.5377197 609.5593262 172.8540039 0.0013859 0.0013859 387.5744019 0.5371506 21.4860229
50.896200 285.1482849 -22.7166920 157.4602051 0.0460738 0.0808904 0.9956576 0.0065450 0.9966702 -0.0812756 -0.9989166 0.0102612 0.0453909 139 492 721.5377197 721.5377197 609.5593262 172.8540039 0.0013859 0.0013859 387.5744019 0.5371506 21.4860229
51.309660 287.7489319 -22.9367695 157.6267548 0.0589553 0.0867020 0.9944884 -0.0003486 0.9962229 -0.0868325 -0.9982606 0.0047726 0.0587628 140 496 721.5377197 721.5377197 609.5593262 172.8540039 0.0013859 0.0013859 387.5744019 0.5371506 21.4860229
51.826760 290.7105408 -23.1948586 157.8695374 0.0735950 0.0902302 0.9931980 -0.0088175 0.9959186 -0.0898239 -0.9972492 -0.0021469 0.0740902 141 501 721.5377197 721.5377197 609.5593262 172.8540039 0.0013859 0.0013859 387.5744019 0.5371506 21.4860229
52.343730 293.4173584 -23.4378014 158.1248779 0.0882976 0.0924716 0.9917926 -0.0131813 0.9957029 -0.0916627 -0.9960069 -0.0049795 0.0891371 142 506 721.5377197 721.5377197 609.5593262 172.8540039 0.0013859 0.0013859 387.5744019 0.5371506 21.4860229
52.860930 295.8893127 -23.6603069 158.3886719 0.0964990 0.0993664 0.9903607 -0.0160499 0.9950302 -0.0982711 -0.9952037 -0.0064121 0.0976143 143 511 721.5377197 721.5377197 609.5593262 172.8540039 0.0013859 0.0013859 387.5744019 0.5371506 21.4860229
53.481550 298.9024963 -23.9350834 158.6966553 0.0895320 0.1025077 0.9906948 -0.0136862 0.9947222 -0.1016876 -0.9958899 -0.0044545 0.0904624 144 517 721.5377197 721.5377197 609.5593262 172.8540039 0.0013859 0.0013859 387.5744019 0.5371506 21.4860229
53.999020 301.6136475 -24.1967812 158.9183807 0.0794514 0.1115668 0.9905757 -0.0019903 0.9937329 -0.1117627 -0.9968367 0.0069082 0.0791756 145 522 721.5377197 721.5377197 609.5593262 172.8540039 0.0013859 0.0013859 387.5744019 0.5371506 21.4860229
54.412740 303.9918518 -24.4322586 159.0980072 0.0710639 0.1106006 0.9913210 0.0018938 0.9938170 -0.1110148 -0.9974700 0.0097665 0.0704150 146 526 721.5377197 721.5377197 609.5593262 172.8540039 0.0013859 0.0013859 387.5744019 0.5371506 21.4860229
54.723200 305.8962097 -24.6165047 159.2112579 0.0674053 0.1073259 0.9919363 0.0132364 0.9940138 -0.1084501 -0.9976379 0.0204398 0.0655812 147 529 721.5377197 721.5377197 609.5593262 172.8540039 0.0013859 0.0013859 387.5744019 0.5371506 21.4860229
54.930030 307.2080383 -24.7451954 159.3092346 0.0626984 0.1107871 0.9918644 0.0073499 0.9937416 -0.1114614 -0.9980054 0.0142786 0.0614918 148 531 721.5377197 721.5377197 609.5593262 172.8540039 0.0013859 0.0013859 387.5744019 0.5371506 21.4860229
55.343740 309.9730835 -25.0259800 159.4890900 0.0553764 0.1139277 0.9919446 0.0007503 0.9934639 -0.1141441 -0.9984653 0.0070652 0.0549289 149 535 721.5377197 721.5377197 609.5593262 172.8540039 0.0013859 0.0013859 387.5744019 0.5371506 21.4860229
55.860740 313.6265564 -25.4231262 159.6751099 0.0488397 0.1270349 0.9906951 0.0096928 0.9917718 -0.1276508 -0.9987596 0.0158370 0.0472066 150 540 721.5377197 721.5377197 609.5593262 172.8540039 0.0013859 0.0013859 387.5744019 0.5371506 21.4860229
56.170950 315.9187927 -25.6866531 159.7760162 0.0454894 0.1189977 0.9918519 0.0199545 0.9925734 -0.1199994 -0.9987655 0.0252506 0.0427770 151 543 721.5377197 721.5377197 609.5593262 172.8540039 0.0013859 0.0013859 387.5744019 0.5371506 21.4860229
56.481050 318.2963562 -25.9448357 159.8846436 0.0442355 0.1210388 0.9916617 0.0223121 0.9922660 -0.1221078 -0.9987720 0.0275275 0.0411927 152 546 721.5377197 721.5377197 609.5593262 172.8540039 0.0013859 0.0013859 387.5744019 0.5371506 21.4860229
56.791050 320.7265930 -26.2109032 159.9928284 0.0473786 0.1174485 0.9919481 0.0237952 0.9926488 -0.1186680 -0.9985936 0.0292259 0.0442356 153 549 721.5377197 721.5377197 609.5593262 172.8540039 0.0013859 0.0013859 387.5744019 0.5371506 21.4860229
56.997680 322.3928223 -26.3916836 160.0832214 0.0504700 0.1137727 0.9922240 0.0243888 0.9930535 -0.1151084 -0.9984277 0.0300087 0.0473446 154 551 721.5377197 721.5377197 609.5593262 172.8540039 0.0013859 0.0013859 387.5744019 0.5371506 21.4860229
57.307630 324.9501038 -26.6594124 160.2285309 0.0564115 0.1123842 0.9920623 0.0272328 0.9931017 -0.1140505 -0.9980361 0.0334504 0.0529619 155 554 721.5377197 721.5377197 609.5593262 172.8540039 0.0013859 0.0013859 387.5744019 0.5371506 21.4860229
57.617510 327.5682983 -26.9312973 160.3907928 0.0649412 0.1090470 0.9919130 0.0321549 0.9932664 -0.1113010 -0.9973709 0.0391228 0.0609975 156 557 721.5377197 721.5377197 609.5593262 172.8540039 0.0013859 0.0013859 387.5744019 0.5371506 21.4860229
57.927360 330.2420654 -27.2114944 160.5731964 0.0744201 0.1112612 0.9910008 0.0328666 0.9929430 -0.1139474 -0.9966852 0.0410508 0.0702382 157 560 721.5377197 721.5377197 609.5593262 172.8540039 0.0013859 0.0013859 387.5744019 0.5371506 21.4860229
58.237240 332.9641418 -27.5001030 160.8057861 0.0815041 0.1138467 0.9901495 0.0250606 0.9929065 -0.1162266 -0.9963579 0.0342867 0.0780729 158 563 721.5377197 721.5377197 609.5593262 172.8540039 0.0013859 0.0013859 387.5744019 0.5371506 21.4860229
58.443830 334.8002930 -27.6938744 160.9671021 0.0851132 0.1099772 0.9902832 0.0249830 0.9933417 -0.1124641 -0.9960580 0.0343124 0.0817989 159 565 721.5377197 721.5377197 609.5593262 172.8540039 0.0013859 0.0013859 387.5744019 0.5371506 21.4860229
58.650440 336.6571960 -27.8899097 161.1207886 0.0876362 0.1065443 0.9904384 0.0269456 0.9936464 -0.1092736 -0.9957880 0.0362643 0.0842085 160 567 721.5377197 721.5377197 609.5593262 172.8540039 0.0013859 0.0013859 387.5744019 0.5371506 21.4860229
58.857110 338.5018616 -28.0768738 161.2810974 0.0891106 0.1082756 0.9901190 0.0279513 0.9934103 -0.1111512 -0.9956295 0.0375799 0.0854969 161 569 721.5377197 721.5377197 609.5593262 172.8540039 0.0013859 0.0013859 387.5744019 0.5371506 21.4860229
59.167110 341.2663269 -28.3674812 161.5348969 0.0898985 0.1059868 0.9902954 0.0208967 0.9939019 -0.1082698 -0.9957317 0.0304272 0.0871355 162 572 721.5377197 721.5377197 609.5593262 172.8540039 0.0013859 0.0013859 387.5744019 0.5371506 21.4860229
