1341847980.722988 -0.0000494 -0.0000379 -0.0000439 1.0000000 -0.0000864 -0.0001288 0.0000864 1.0000000 -0.0000443 0.0001288 0.0000443 1.0000000 0 0 535.4000244 539.2000122 320.1000061 247.6000061 0.0018678 0.0018546 40.0000000 0.0747105 2.9884198
1341847983.034693 -0.3237154 0.0193293 -0.0156975 0.9932419 0.0434792 -0.1076109 -0.0426273 0.9990389 0.0102054 0.1079512 -0.0055493 0.9941407 1 66 535.4000244 539.2000122 320.1000061 247.6000061 0.0018678 0.0018546 40.0000000 0.0747105 2.9884198
1341847983.066707 -0.3370550 0.0186585 -0.0151421 0.9930403 0.0455862 -0.1085955 -0.0450035 0.9989563 0.0078118 0.1088382 -0.0028702 0.9940553 2 67 535.4000244 539.2000122 320.1000061 247.6000061 0.0018678 0.0018546 40.0000000 0.0747105 2.9884198
1341847983.302701 -0.4009492 0.0150519 -0.0135702 0.9927643 0.0511591 -0.1086362 -0.0516863 0.9986613 -0.0020406 0.1083863 0.0076408 0.9940795 3 74 535.4000244 539.2000122 320.1000061 247.6000061 0.0018678 0.0018546 40.0000000 0.0747105 2.9884198
1341847984.074737 -0.6928755 0.0279263 -0.0352521 0.9838604 0.0683871 -0.1653539 -0.0652391 0.9975713 0.0244012 0.1666210 -0.0132199 0.9859324 5 96 535.4000244 539.2000122 320.1000061 247.6000061 0.0018678 0.0018546 40.0000000 0.0747105 2.9884198
1341847984.442894 -0.8371227 0.0406467 0.0253704 0.9823464 0.0677486 -0.1743725 -0.0724866 0.9971495 -0.0209409 0.1724567 0.0332109 0.9844571 6 106 535.4000244 539.2000122 320.1000061 247.6000061 0.0018678 0.0018546 40.0000000 0.0747105 2.9884198
1341847985.110771 -0.9853553 -0.0394650 0.2483195 0.9738083 0.1050393 -0.2016534 -0.1098241 0.9938704 -0.0126566 0.1990879 0.0344715 0.9793752 8 126 535.4000244 539.2000122 320.1000061 247.6000061 0.0018678 0.0018546 40.0000000 0.0747105 2.9884198
1341847985.478685 -1.0314230 -0.1010171 0.3668408 0.9592684 0.1153723 -0.2578631 -0.1202997 0.9927319 -0.0033583 0.2556015 0.0342424 0.9661756 9 137 535.4000244 539.2000122 320.1000061 247.6000061 0.0018678 0.0018546 40.0000000 0.0747105 2.9884198
1341847986.425858 -1.1496220 -0.2768303 0.6760597 0.8921748 0.2093954 -0.4002222 -0.1952631 0.9777791 0.0762916 0.4073040 0.0100832 0.9132370 12 165 535.4000244 539.2000122 320.1000061 247.6000061 0.0018678 0.0018546 40.0000000 0.0747105 2.9884198
1341847986.725896 -1.1655644 -0.3247311 0.7903423 0.8651679 0.2430477 -0.4386483 -0.2266099 0.9697826 0.0903863 0.4473616 0.0212027 0.8941018 13 174 535.4000244 539.2000122 320.1000061 247.6000061 0.0018678 0.0018546 40.0000000 0.0747105 2.9884198
1341847987.897796 -1.2698489 -0.4150714 1.1726433 0.7258471 0.3362982 -0.6000413 -0.3095787 0.9387077 0.1516210 0.6142532 0.0757063 0.7854690 16 205 535.4000244 539.2000122 320.1000061 247.6000061 0.0018678 0.0018546 40.0000000 0.0747105 2.9884198
1341847988.233777 -1.3143284 -0.4353445 1.2604905 0.7260702 0.3191618 -0.6090631 -0.2771210 0.9464561 0.1656042 0.6293061 0.0485439 0.7756400 17 215 535.4000244 539.2000122 320.1000061 247.6000061 0.0018678 0.0018546 40.0000000 0.0747105 2.9884198
1341847988.769740 -1.3694172 -0.4377555 1.3524716 0.6873621 0.3523021 -0.6351508 -0.3204597 0.9318680 0.1700813 0.6517968 0.0866328 0.7534293 18 231 535.4000244 539.2000122 320.1000061 247.6000061 0.0018678 0.0018546 40.0000000 0.0747105 2.9884198
1341847989.166672 -1.4618639 -0.4806922 1.3858724 0.6572989 0.3718633 -0.6554966 -0.3460110 0.9216013 0.1758620 0.6695032 0.1112151 0.7344363 19 241 535.4000244 539.2000122 320.1000061 247.6000061 0.0018678 0.0018546 40.0000000 0.0747105 2.9884198
1341847989.502614 -1.5627322 -0.5286030 1.3969625 0.6844163 0.3228970 -0.6536910 -0.3069946 0.9408577 0.1433215 0.6613083 0.1025880 0.7430660 20 251 535.4000244 539.2000122 320.1000061 247.6000061 0.0018678 0.0018546 40.0000000 0.0747105 2.9884198
1341847989.870960 -1.6564022 -0.5661341 1.4111687 0.6589801 0.3065706 -0.6868477 -0.3013894 0.9442765 0.1323114 0.6891369 0.1198180 0.7146565 21 262 535.4000244 539.2000122 320.1000061 247.6000061 0.0018678 0.0018546 40.0000000 0.0747105 2.9884198
1341847990.171055 -1.7680022 -0.5847929 1.4182339 0.6468742 0.3248462 -0.6899483 -0.3034451 0.9396711 0.1579217 0.6996248 0.1072060 0.7064220 22 271 535.4000244 539.2000122 320.1000061 247.6000061 0.0018678 0.0018546 40.0000000 0.0747105 2.9884198
1341847990.474644 -1.8691025 -0.6037564 1.4307089 0.6514357 0.3334204 -0.6815147 -0.3129369 0.9363737 0.1589808 0.6911599 0.1097053 0.7143267 23 280 535.4000244 539.2000122 320.1000061 247.6000061 0.0018678 0.0018546 40.0000000 0.0747105 2.9884198
1341847990.942685 -1.9793379 -0.6290759 1.4638426 0.6087000 0.3684060 -0.7026815 -0.3532958 0.9188636 0.1757036 0.7103987 0.1413036 0.6894686 24 293 535.4000244 539.2000122 320.1000061 247.6000061 0.0018678 0.0018546 40.0000000 0.0747105 2.9884198
1341847991.310807 -2.0501146 -0.6626921 1.5209181 0.5644594 0.3869704 -0.7291361 -0.3575111 0.9107698 0.2066013 0.7440237 0.1440562 0.6524389 25 304 535.4000244 539.2000122 320.1000061 247.6000061 0.0018678 0.0018546 40.0000000 0.0747105 2.9884198
1341847991.689872 -2.1073985 -0.7055584 1.5761807 0.4983810 0.4404988 -0.7467110 -0.4137501 0.8777359 0.2416416 0.7618578 0.1885221 0.6197032 26 315 535.4000244 539.2000122 320.1000061 247.6000061 0.0018678 0.0018546 40.0000000 0.0747105 2.9884198
1341847992.114842 -2.1599352 -0.7627875 1.6329544 0.4218233 0.4365532 -0.7946612 -0.4155439 0.8720679 0.2584976 0.8058464 0.2211763 0.5492656 27 327 535.4000244 539.2000122 320.1000061 247.6000061 0.0018678 0.0018546 40.0000000 0.0747105 2.9884198
1341847992.450822 -2.2325044 -0.8049263 1.6984863 0.3591287 0.4529376 -0.8160111 -0.4202299 0.8591697 0.2919490 0.8333267 0.2380650 0.4988904 28 336 535.4000244 539.2000122 320.1000061 247.6000061 0.0018678 0.0018546 40.0000000 0.0747105 2.9884198
1341847992.786631 -2.3176184 -0.8473036 1.7701007 0.3160268 0.4673675 -0.8256481 -0.4316148 0.8458027 0.3135704 0.8448880 0.2572653 0.4690190 29 346 535.4000244 539.2000122 320.1000061 247.6000061 0.0018678 0.0018546 40.0000000 0.0747105 2.9884198
1341847993.154688 -2.3668861 -0.8888767 1.8480148 0.2808518 0.4540247 -0.8455672 -0.4449623 0.8422167 0.3044332 0.8503710 0.2907449 0.4385619 30 357 535.4000244 539.2000122 320.1000061 247.6000061 0.0018678 0.0018546 40.0000000 0.0747105 2.9884198
1341847993.522707 -2.3989086 -0.9378626 1.9457386 0.2168040 0.4778711 -0.8512551 -0.4403701 0.8261074 0.3515972 0.8712463 0.2986396 0.3895436 31 367 535.4000244 539.2000122 320.1000061 247.6000061 0.0018678 0.0018546 40.0000000 0.0747105 2.9884198
1341847993.901726 -2.4172270 -0.9934413 2.0529833 0.1781582 0.4671427 -0.8660470 -0.4765844 0.8109733 0.3393960 0.8608873 0.3522783 0.3671145 32 377 535.4000244 539.2000122 320.1000061 247.6000061 0.0018678 0.0018546 40.0000000 0.0747105 2.9884198
1341847994.269680 -2.4384446 -1.0618243 2.1263201 0.1228453 0.4710849 -0.8734918 -0.4545639 0.8091126 0.3724359 0.8822022 0.3513058 0.3135339 33 388 535.4000244 539.2000122 320.1000061 247.6000061 0.0018678 0.0018546 40.0000000 0.0747105 2.9884198
1341847994.637836 -2.4890914 -1.1317438 2.2349460 0.0622307 0.4912235 -0.8688077 -0.4428745 0.7936921 0.4170311 0.8944213 0.3588206 0.2669424 34 399 535.4000244 539.2000122 320.1000061 247.6000061 0.0018678 0.0018546 40.0000000 0.0747105 2.9884198
1341847995.030768 -2.5273776 -1.1845421 2.3507347 -0.0129656 0.4836067 -0.8751894 -0.4719222 0.7686889 0.4317487 0.8815449 0.4186192 0.2182582 35 409 535.4000244 539.2000122 320.1000061 247.6000061 0.0018678 0.0018546 40.0000000 0.0747105 2.9884198
1341847995.502702 -2.5328903 -1.2479934 2.4590297 -0.1006934 0.4810951 -0.8708664 -0.4526265 0.7573369 0.4707124 0.8859967 0.4415748 0.1414975 36 423 535.4000244 539.2000122 320.1000061 247.6000061 0.0018678 0.0018546 40.0000000 0.0747105 2.9884198
1341847995.938733 -2.5165215 -1.2855681 2.5472827 -0.1449211 0.5003626 -0.8536013 -0.4730900 0.7226629 0.5039287 0.8690131 0.4768601 0.1319875 37 436 535.4000244 539.2000122 320.1000061 247.6000061 0.0018678 0.0018546 40.0000000 0.0747105 2.9884198
1341847996.506707 -2.5230529 -1.3304250 2.6100080 -0.2411010 0.4898174 -0.8378241 -0.4398062 0.7144118 0.5442300 0.8651248 0.4996946 0.0431793 38 452 535.4000244 539.2000122 320.1000061 247.6000061 0.0018678 0.0018546 40.0000000 0.0747105 2.9884198
1341847996.910785 -2.5422146 -1.3613501 2.7035799 -0.3073204 0.4726065 -0.8259523 -0.4501459 0.6925069 0.5637400 0.8384049 0.5450479 -0.0000796 39 464 535.4000244 539.2000122 320.1000061 247.6000061 0.0018678 0.0018546 40.0000000 0.0747105 2.9884198
1341847997.346642 -2.5653715 -1.4289743 2.8306022 -0.3186210 0.4670888 -0.8248083 -0.4381770 0.6990248 0.5651241 0.8405246 0.5414725 -0.0180564 40 476 535.4000244 539.2000122 320.1000061 247.6000061 0.0018678 0.0018546 40.0000000 0.0747105 2.9884198
1341847997.746602 -2.5284653 -1.5013211 2.9267883 -0.3768005 0.4373590 -0.8165406 -0.4029270 0.7163575 0.5696330 0.8340691 0.5436442 -0.0937001 41 488 535.4000244 539.2000122 320.1000061 247.6000061 0.0018678 0.0018546 40.0000000 0.0747105 2.9884198
1341847998.154051 -2.4729486 -1.5741155 3.0471785 -0.4090475 0.4646814 -0.7853352 -0.3810413 0.6950240 0.6097124 0.8291488 0.5486465 -0.1072351 42 499 535.4000244 539.2000122 320.1000061 247.6000061 0.0018678 0.0018546 40.0000000 0.0747105 2.9884198
1341847998.618771 -2.4143775 -1.6486920 3.1874957 -0.3749036 0.4347836 -0.8187860 -0.4217356 0.7065374 0.5682817 0.8255824 0.5583620 -0.0815197 43 511 535.4000244 539.2000122 320.1000061 247.6000061 0.0018678 0.0018546 40.0000000 0.0747105 2.9884198
1341847999.018809 -2.3879812 -1.7014570 3.3297670 -0.3946255 0.4339414 -0.8099170 -0.4375322 0.6863605 0.5809258 0.8079829 0.5836129 -0.0809920 44 523 535.4000244 539.2000122 320.1000061 247.6000061 0.0018678 0.0018546 40.0000000 0.0747105 2.9884198
1341847999.454933 -2.3430552 -1.7509577 3.4385109 -0.4718597 0.4307742 -0.7692737 -0.3959450 0.6760498 0.6214373 0.7877665 0.5978212 -0.1484378 45 535 535.4000244 539.2000122 320.1000061 247.6000061 0.0018678 0.0018546 40.0000000 0.0747105 2.9884198
1341847999.791003 -2.2710166 -1.7744761 3.4913828 -0.5683261 0.4256101 -0.7041743 -0.3398460 0.6579890 0.6719786 0.7493398 0.6212138 -0.2293105 46 545 535.4000244 539.2000122 320.1000061 247.6000061 0.0018678 0.0018546 40.0000000 0.0747105 2.9884198
1341848000.094780 -2.1964340 -1.7715404 3.5230317 -0.6490815 0.4184007 -0.6353220 -0.3235499 0.6040158 0.7283408 0.6884828 0.6783109 -0.2566820 47 553 535.4000244 539.2000122 320.1000061 247.6000061 0.0018678 0.0018546 40.0000000 0.0747105 2.9884198
1341848000.630641 -2.0594723 -1.7551628 3.5340357 -0.7320475 0.3736333 -0.5696531 -0.3139980 0.5570155 0.7688556 0.6045757 0.7417088 -0.2904417 48 568 535.4000244 539.2000122 320.1000061 247.6000061 0.0018678 0.0018546 40.0000000 0.0747105 2.9884198
1341848000.963197 -1.9615806 -1.7697299 3.5460610 -0.7810788 0.3647797 -0.5068054 -0.2543985 0.5553186 0.7917718 0.5702607 0.7473667 -0.3409482 49 578 535.4000244 539.2000122 320.1000061 247.6000061 0.0018678 0.0018546 40.0000000 0.0747105 2.9884198
1341848001.334803 -1.8441982 -1.7662282 3.5692477 -0.8236042 0.3215628 -0.4671976 -0.2325354 0.5598748 0.7952782 0.5173041 0.7636344 -0.3863405 50 587 535.4000244 539.2000122 320.1000061 247.6000061 0.0018678 0.0018546 40.0000000 0.0747105 2.9884198
1341848001.734859 -1.7349812 -1.7310098 3.5479224 -0.9001150 0.2265853 -0.3720914 -0.1913134 0.5617531 0.8048806 0.3913976 0.7956712 -0.4622936 51 598 535.4000244 539.2000122 320.1000061 247.6000061 0.0018678 0.0018546 40.0000000 0.0747105 2.9884198
1341848002.038858 -1.6557853 -1.7183232 3.5191875 -0.9349061 0.2031850 -0.2909751 -0.1372079 0.5491993 0.8243507 0.3272990 0.8106146 -0.4855712 52 607 535.4000244 539.2000122 320.1000061 247.6000061 0.0018678 0.0018546 40.0000000 0.0747105 2.9884198
1341848002.338850 -1.5770495 -1.6991113 3.4923811 -0.9575570 0.1663326 -0.2354103 -0.1123696 0.5366765 0.8362724 0.2654386 0.8272314 -0.4952076 53 616 535.4000244 539.2000122 320.1000061 247.6000061 0.0018678 0.0018546 40.0000000 0.0747105 2.9884198
1341848002.674651 -1.5056086 -1.6595957 3.4809365 -0.9730919 0.1222057 -0.1953404 -0.1072387 0.5101585 0.8533687 0.2039411 0.8513542 -0.4833260 54 626 535.4000244 539.2000122 320.1000061 247.6000061 0.0018678 0.0018546 40.0000000 0.0747105 2.9884198
1341848003.074988 -1.3979968 -1.6213714 3.4745669 -0.9676303 0.1323232 -0.2149002 -0.1177704 0.5163648 0.8482320 0.2232077 0.8460839 -0.4840665 55 637 535.4000244 539.2000122 320.1000061 247.6000061 0.0018678 0.0018546 40.0000000 0.0747105 2.9884198
1341848003.478703 -1.2904521 -1.5960438 3.4763379 -0.9531696 0.1097310 -0.2818276 -0.1816840 0.5372185 0.8236426 0.2417822 0.8362747 -0.4921240 56 647 535.4000244 539.2000122 320.1000061 247.6000061 0.0018678 0.0018546 40.0000000 0.0747105 2.9884198
1341848003.817941 -1.2032576 -1.5647182 3.4608550 -0.9116916 0.1469523 -0.3836970 -0.2457298 0.5534222 0.7958271 0.3292950 0.8198346 -0.4684398 57 657 535.4000244 539.2000122 320.1000061 247.6000061 0.0018678 0.0018546 40.0000000 0.0747105 2.9884198
1341848004.257760 -1.1076413 -1.5014316 3.3973143 -0.8647522 0.1945722 -0.4629745 -0.2937852 0.5516911 0.7805941 0.4073009 0.8110355 -0.4199136 58 670 535.4000244 539.2000122 320.1000061 247.6000061 0.0018678 0.0018546 40.0000000 0.0747105 2.9884198
1341848004.857706 -0.9903858 -1.4258914 3.3841031 -0.7608569 0.2389514 -0.6033233 -0.4213828 0.5251143 0.7393859 0.4934910 0.8167969 -0.2988469 59 688 535.4000244 539.2000122 320.1000061 247.6000061 0.0018678 0.0018546 40.0000000 0.0747105 2.9884198
1341848006.097854 -0.8670005 -1.4230050 3.4295912 -0.5602767 0.3415947 -0.7545881 -0.5088816 0.5768464 0.6389740 0.6535515 0.7419982 -0.1493624 60 725 535.4000244 539.2000122 320.1000061 247.6000061 0.0018678 0.0018546 40.0000000 0.0747105 2.9884198
1341848006.969708 -0.7809799 -1.4742798 3.5108616 -0.5086904 0.3964928 -0.7642169 -0.4591839 0.6259105 0.6303858 0.7282748 0.6715873 -0.1363315 61 751 535.4000244 539.2000122 320.1000061 247.6000061 0.0018678 0.0018546 40.0000000 0.0747105 2.9884198
1341848007.534834 -0.7395161 -1.5663836 3.6087286 -0.5967985 0.3914676 -0.7004174 -0.4106198 0.6009501 0.6857480 0.6893641 0.6968587 -0.1979018 62 767 535.4000244 539.2000122 320.1000061 247.6000061 0.0018678 0.0018546 40.0000000 0.0747105 2.9884198
1341848007.902779 -0.6996387 -1.6090422 3.6654341 -0.6733804 0.3680962 -0.6411428 -0.3763480 0.5757771 0.7258395 0.6363340 0.7300589 -0.2491847 63 778 535.4000244 539.2000122 320.1000061 247.6000061 0.0018678 0.0018546 40.0000000 0.0747105 2.9884198
1341848008.238657 -0.6374559 -1.6497378 3.7148476 -0.7458410 0.3553506 -0.5634246 -0.3310335 0.5362607 0.7764285 0.5780468 0.7656046 -0.2823323 64 788 535.4000244 539.2000122 320.1000061 247.6000061 0.0018678 0.0018546 40.0000000 0.0747105 2.9884198
1341848008.638714 -0.5613737 -1.6980970 3.7618270 -0.8128898 0.3380612 -0.4742624 -0.2790506 0.4886799 0.8266333 0.5112152 0.8043050 -0.3029068 65 799 535.4000244 539.2000122 320.1000061 247.6000061 0.0018678 0.0018546 40.0000000 0.0747105 2.9884198
1341848009.006825 -0.4991471 -1.7351767 3.7992787 -0.8552142 0.2959325 -0.4254794 -0.2502386 0.4831432 0.8390192 0.4538605 0.8240125 -0.3391372 66 810 535.4000244 539.2000122 320.1000061 247.6000061 0.0018678 0.0018546 40.0000000 0.0747105 2.9884198
1341848009.378700 -0.4385163 -1.7380219 3.8377018 -0.9147493 0.2319442 -0.3308104 -0.1983951 0.4554028 0.8678985 0.3519560 0.8595407 -0.3705628 67 820 535.4000244 539.2000122 320.1000061 247.6000061 0.0018678 0.0018546 40.0000000 0.0747105 2.9884198
1341848009.746819 -0.3516552 -1.7350217 3.8571193 -0.9313476 0.1924259 -0.3091341 -0.1957358 0.4513140 0.8706338 0.3070490 0.8713713 -0.3826656 68 830 535.4000244 539.2000122 320.1000061 247.6000061 0.0018678 0.0018546 40.0000000 0.0747105 2.9884198
1341848010.082650 -0.2729632 -1.7059170 3.8471417 -0.9302291 0.1967395 -0.3097860 -0.1934976 0.4543223 0.8695688 0.3118212 0.8688411 -0.3845552 69 840 535.4000244 539.2000122 320.1000061 247.6000061 0.0018678 0.0018546 40.0000000 0.0747105 2.9884198
1341848010.414692 -0.2099957 -1.6615784 3.7714155 -0.9451458 0.1864029 -0.2682413 -0.1680760 0.4266205 0.8886762 0.2800890 0.8850135 -0.3718887 70 850 535.4000244 539.2000122 320.1000061 247.6000061 0.0018678 0.0018546 40.0000000 0.0747105 2.9884198
1341848010.718753 -0.1804976 -1.6382080 3.7076731 -0.9614441 0.1595443 -0.2239884 -0.1430581 0.4054464 0.9028552 0.2348607 0.9000883 -0.3669899 71 859 535.4000244 539.2000122 320.1000061 247.6000061 0.0018678 0.0018546 40.0000000 0.0747105 2.9884198
1341848011.154630 -0.1591935 -1.6211429 3.6531787 -0.9799849 0.1274700 -0.1529086 -0.0896236 0.4033543 0.9106442 0.1777562 0.9061218 -0.3838568 72 872 535.4000244 539.2000122 320.1000061 247.6000061 0.0018678 0.0018546 40.0000000 0.0747105 2.9884198
1341848011.722610 -0.1316994 -1.5874152 3.6140306 -0.9970312 0.0555224 -0.0533488 -0.0273615 0.3921562 0.9194916 0.0719735 0.9182215 -0.3894728 73 889 535.4000244 539.2000122 320.1000061 247.6000061 0.0018678 0.0018546 40.0000000 0.0747105 2.9884198
1341848012.190967 -0.1328883 -1.5263281 3.5441017 -0.9998266 0.0175409 -0.0062526 0.0004741 0.3596352 0.9330929 0.0186160 0.9329281 -0.3595811 74 902 535.4000244 539.2000122 320.1000061 247.6000061 0.0018678 0.0018546 40.0000000 0.0747105 2.9884198
1341848012.594669 -0.1289608 -1.4555433 3.4594576 -0.9958716 0.0074113 -0.0904697 -0.0830717 0.3273307 0.9412512 0.0365894 0.9448808 -0.3253637 75 914 535.4000244 539.2000122 320.1000061 247.6000061 0.0018678 0.0018546 40.0000000 0.0747105 2.9884198
1341848012.930848 -0.1038953 -1.4151478 3.4172299 -0.9765013 0.0238094 -0.2141921 -0.1944259 0.3314322 0.9232287 0.0929717 0.9431785 -0.3190148 76 924 535.4000244 539.2000122 320.1000061 247.6000061 0.0018678 0.0018546 40.0000000 0.0747105 2.9884198
1341848013.398748 -0.0749577 -1.3811507 3.4237945 -0.9237264 0.1045436 -0.3685106 -0.3129863 0.3486402 0.8834532 0.2208370 0.9314079 -0.2893274 77 938 535.4000244 539.2000122 320.1000061 247.6000061 0.0018678 0.0018546 40.0000000 0.0747105 2.9884198
1341848013.734623 -0.0332003 -1.3815209 3.4339244 -0.8480024 0.1667456 -0.5030783 -0.4201500 0.3670930 0.8298895 0.3230570 0.9151167 -0.2412376 78 948 535.4000244 539.2000122 320.1000061 247.6000061 0.0018678 0.0018546 40.0000000 0.0747105 2.9884198
1341848014.134725 0.0191545 -1.3690155 3.4580526 -0.7499923 0.2156900 -0.6252915 -0.5098366 0.4137582 0.7542353 0.4214005 0.8844671 -0.2003488 79 959 535.4000244 539.2000122 320.1000061 247.6000061 0.0018678 0.0018546 40.0000000 0.0747105 2.9884198
1341848014.470783 0.0967296 -1.3622909 3.4868844 -0.6203806 0.2695696 -0.7365189 -0.5906098 0.4573190 0.6648604 0.5160502 0.8474618 -0.1245014 80 968 535.4000244 539.2000122 320.1000061 247.6000061 0.0018678 0.0018546 40.0000000 0.0747105 2.9884198
1341848014.906647 0.1853881 -1.3698719 3.5376544 -0.4543200 0.3477875 -0.8201446 -0.6017411 0.5590563 0.5704066 0.6568873 0.7526619 -0.0447124 81 981 535.4000244 539.2000122 320.1000061 247.6000061 0.0018678 0.0018546 40.0000000 0.0747105 2.9884198
1341848015.374733 0.2465649 -1.3381416 3.5545499 -0.2698396 0.3990569 -0.8763220 -0.6827604 0.5624452 0.4663622 0.6789882 0.7241609 0.1206902 82 995 535.4000244 539.2000122 320.1000061 247.6000061 0.0018678 0.0018546 40.0000000 0.0747105 2.9884198
1341848015.817883 0.2801646 -1.3326045 3.5570645 -0.0014589 0.4547490 -0.8906185 -0.6876469 0.6461732 0.3310618 0.7260438 0.6129141 0.3117640 83 1008 535.4000244 539.2000122 320.1000061 247.6000061 0.0018678 0.0018546 40.0000000 0.0747105 2.9884198
1341848016.621860 0.2626685 -1.3690013 3.5781088 0.0759012 0.4684435 -0.8802271 -0.6335622 0.7043236 0.3201988 0.7699597 0.5333751 0.3502471 84 1032 535.4000244 539.2000122 320.1000061 247.6000061 0.0018678 0.0018546 40.0000000 0.0747105 2.9884198
1341848017.118641 0.2111579 -1.4234927 3.6456409 0.0384836 0.4750730 -0.8791045 -0.6309959 0.6937211 0.3472683 0.7748311 0.5413472 0.3264660 85 1045 535.4000244 539.2000122 320.1000061 247.6000061 0.0018678 0.0018546 40.0000000 0.0747105 2.9884198
1341848017.318695 0.1821762 -1.4470381 3.6676650 -0.0321726 0.4803132 -0.8765068 -0.6055600 0.6883084 0.3994105 0.7951490 0.5436275 0.2687138 86 1051 535.4000244 539.2000122 320.1000061 247.6000061 0.0018678 0.0018546 40.0000000 0.0747105 2.9884198
1341848017.554797 0.1291443 -1.4787509 3.6770124 -0.0959115 0.4835984 -0.8700193 -0.5712563 0.6890370 0.4459755 0.8151485 0.5397782 0.2101721 87 1058 535.4000244 539.2000122 320.1000061 247.6000061 0.0018678 0.0018546 40.0000000 0.0747105 2.9884198
1341848017.854726 0.0912776 -1.5072100 3.6916327 -0.1583554 0.4935032 -0.8552065 -0.5239024 0.6921616 0.4964260 0.8369288 0.5266564 0.1489400 88 1067 535.4000244 539.2000122 320.1000061 247.6000061 0.0018678 0.0018546 40.0000000 0.0747105 2.9884198
1341848018.226660 0.0653057 -1.5319636 3.7206321 -0.2256789 0.4811328 -0.8471011 -0.5190182 0.6764756 0.5224949 0.8244326 0.5575770 0.0970504 89 1078 535.4000244 539.2000122 320.1000061 247.6000061 0.0018678 0.0018546 40.0000000 0.0747105 2.9884198
1341848018.701756 0.0539997 -1.5890892 3.8190391 -0.3572763 0.4803442 -0.8010138 -0.4947919 0.6300492 0.5985140 0.7921708 0.6101699 0.0125688 90 1092 535.4000244 539.2000122 320.1000061 247.6000061 0.0018678 0.0018546 40.0000000 0.0747105 2.9884198
1341848019.198644 0.0442096 -1.6820414 3.9266970 -0.4359417 0.4540020 -0.7770695 -0.4690616 0.6222695 0.6267072 0.7680730 0.6377013 -0.0583183 91 1105 535.4000244 539.2000122 320.1000061 247.6000061 0.0018678 0.0018546 40.0000000 0.0747105 2.9884198
1341848019.666875 0.0282124 -1.7724695 4.0749865 -0.5547324 0.4056465 -0.7264453 -0.4296488 0.6080261 0.6676123 0.7125123 0.6824626 -0.1630063 92 1119 535.4000244 539.2000122 320.1000061 247.6000061 0.0018678 0.0018546 40.0000000 0.0747105 2.9884198
1341848020.134758 0.0424389 -1.8292971 4.1745672 -0.6603057 0.3746123 -0.6508932 -0.3799306 0.5809819 0.7198005 0.6478032 0.7225827 -0.2412990 93 1132 535.4000244 539.2000122 320.1000061 247.6000061 0.0018678 0.0018546 40.0000000 0.0747105 2.9884198
1341848020.670809 0.1176940 -1.8920584 4.2741747 -0.7946801 0.3164002 -0.5180487 -0.2787455 0.5679167 0.7744492 0.5392444 0.7598431 -0.3631169 94 1147 535.4000244 539.2000122 320.1000061 247.6000061 0.0018678 0.0018546 40.0000000 0.0747105 2.9884198
1341848021.206698 0.2164174 -1.9505260 4.3539300 -0.8626701 0.2696083 -0.4279156 -0.2304315 0.5436404 0.8070666 0.4502240 0.7948374 -0.4068561 95 1163 535.4000244 539.2000122 320.1000061 247.6000061 0.0018678 0.0018546 40.0000000 0.0747105 2.9884198
1341848021.778676 0.3712784 -2.0114515 4.4367208 -0.9414642 0.1823423 -0.2835426 -0.1336632 0.5702453 0.8105273 0.3094823 0.8009816 -0.5124931 96 1178 535.4000244 539.2000122 320.1000061 247.6000061 0.0018678 0.0018546 40.0000000 0.0747105 2.9884198
1341848022.246774 0.5223383 -2.0218902 4.4348869 -0.9761581 0.0997914 -0.1927617 -0.0985264 0.5875918 0.8031366 0.1934113 0.8029805 -0.5637503 97 1192 535.4000244 539.2000122 320.1000061 247.6000061 0.0018678 0.0018546 40.0000000 0.0747105 2.9884198
1341848022.690287 0.6437001 -2.0481925 4.3915510 -0.9964074 0.0676467 -0.0509527 0.0011373 0.6122771 0.7906424 0.0846815 0.7877440 -0.6101543 98 1205 535.4000244 539.2000122 320.1000061 247.6000061 0.0018678 0.0018546 40.0000000 0.0747105 2.9884198
1341848022.918835 0.6983211 -2.0452757 4.3748670 -0.9994970 0.0081157 0.0306580 0.0297048 0.5781785 0.8153694 -0.0111085 0.8158699 -0.5781288 99 1211 535.4000244 539.2000122 320.1000061 247.6000061 0.0018678 0.0018546 40.0000000 0.0747105 2.9884198
1341848023.386908 0.8570068 -1.9814309 4.3051848 -0.9669159 -0.1449088 0.2099407 0.1014494 0.5366702 0.8376713 -0.2340548 0.8312560 -0.5042140 100 1224 535.4000244 539.2000122 320.1000061 247.6000061 0.0018678 0.0018546 40.0000000 0.0747105 2.9884198
1341848023.922784 0.9551976 -1.9222975 4.2019272 -0.9153097 -0.2233435 0.3351506 0.1690895 0.5421616 0.8230854 -0.3655365 0.8100484 -0.4584807 101 1239 535.4000244 539.2000122 320.1000061 247.6000061 0.0018678 0.0018546 40.0000000 0.0747105 2.9884198
1341848024.358743 0.9957970 -1.8732009 4.0941272 -0.8577165 -0.2447065 0.4521517 0.2658168 0.5417157 0.7974243 -0.4400726 0.8041535 -0.3995914 102 1251 535.4000244 539.2000122 320.1000061 247.6000061 0.0018678 0.0018546 40.0000000 0.0747105 2.9884198
1341848024.826727 1.0620649 -1.8013558 4.0122433 -0.7902427 -0.3121569 0.5273277 0.3155087 0.5304456 0.7868175 -0.5253292 0.7881533 -0.3206925 103 1265 535.4000244 539.2000122 320.1000061 247.6000061 0.0018678 0.0018546 40.0000000 0.0747105 2.9884198
1341848025.262679 1.1755961 -1.7459008 3.9547346 -0.7227941 -0.3236961 0.6105649 0.3809743 0.5504875 0.7428474 -0.5765651 0.7695352 -0.2745692 104 1277 535.4000244 539.2000122 320.1000061 247.6000061 0.0018678 0.0018546 40.0000000 0.0747105 2.9884198
1341848025.630731 1.2409524 -1.7153308 3.9059560 -0.6829007 -0.3554328 0.6382117 0.3981646 0.5513701 0.7331139 -0.6124636 0.7547573 -0.2350102 105 1288 535.4000244 539.2000122 320.1000061 247.6000061 0.0018678 0.0018546 40.0000000 0.0747105 2.9884198
1341848025.998679 1.2877570 -1.6765501 3.8580317 -0.6340184 -0.3672301 0.6805606 0.4325018 0.5611564 0.7057235 -0.6410638 0.7417854 -0.1969559 106 1299 535.4000244 539.2000122 320.1000061 247.6000061 0.0018678 0.0018546 40.0000000 0.0747105 2.9884198
1341848026.371024 1.3389931 -1.6299088 3.8051679 -0.5683161 -0.3615849 0.7391030 0.4922188 0.5704091 0.6575364 -0.6593463 0.7374889 -0.1461938 107 1310 535.4000244 539.2000122 320.1000061 247.6000061 0.0018678 0.0018546 40.0000000 0.0747105 2.9884198
1341848026.738795 1.3924065 -1.5934777 3.7524269 -0.5266421 -0.3733369 0.7637197 0.4970446 0.5935953 0.6329228 -0.6896338 0.7129265 -0.1270472 108 1320 535.4000244 539.2000122 320.1000061 247.6000061 0.0018678 0.0018546 40.0000000 0.0747105 2.9884198
1341848027.074785 1.4815100 -1.5574863 3.7083430 -0.5237042 -0.3844934 0.7601965 0.4993060 0.5844777 0.6395931 -0.6902373 0.7145283 -0.1141135 109 1329 535.4000244 539.2000122 320.1000061 247.6000061 0.0018678 0.0018546 40.0000000 0.0747105 2.9884198
1341848027.442959 1.5973855 -1.5379211 3.6660142 -0.4969244 -0.3779045 0.7811878 0.4959784 0.6150003 0.6130090 -0.7120895 0.6920714 -0.1181762 110 1340 535.4000244 539.2000122 320.1000061 247.6000061 0.0018678 0.0018546 40.0000000 0.0747105 2.9884198
1341848027.810746 1.6880662 -1.5141646 3.6216235 -0.5309270 -0.3687613 0.7629755 0.4630038 0.6278535 0.6256417 -0.7097492 0.6854306 -0.1626065 111 1351 535.4000244 539.2000122 320.1000061 247.6000061 0.0018678 0.0018546 40.0000000 0.0747105 2.9884198
1341848028.186050 1.7372148 -1.4807611 3.5439386 -0.5566431 -0.3708352 0.7433907 0.4437651 0.6237466 0.6434382 -0.7022969 0.6880563 -0.1826405 112 1362 535.4000244 539.2000122 320.1000061 247.6000061 0.0018678 0.0018546 40.0000000 0.0747105 2.9884198
1341848028.614649 1.7880251 -1.4317815 3.4471548 -0.5334615 -0.3601056 0.7653383 0.4484287 0.6467990 0.6168976 -0.7171684 0.6722908 -0.1835607 113 1372 535.4000244 539.2000122 320.1000061 247.6000061 0.0018678 0.0018546 40.0000000 0.0747105 2.9884198
1341848029.018728 1.8403029 -1.3907403 3.3484414 -0.5366797 -0.3532712 0.7662730 0.4605004 0.6383406 0.6168149 -0.7070462 0.6839011 -0.1799029 114 1382 535.4000244 539.2000122 320.1000061 247.6000061 0.0018678 0.0018546 40.0000000 0.0747105 2.9884198
1341848029.450819 1.8987383 -1.3447452 3.2720015 -0.5066219 -0.3848549 0.7715057 0.4632143 0.6332213 0.6200510 -0.7271635 0.6715039 -0.1425335 115 1394 535.4000244 539.2000122 320.1000061 247.6000061 0.0018678 0.0018546 40.0000000 0.0747105 2.9884198
1341848029.718752 1.9623585 -1.3227650 3.2298424 -0.4601548 -0.3897353 0.7977242 0.4735410 0.6522931 0.5918383 -0.7510103 0.6500924 -0.1156002 116 1402 535.4000244 539.2000122 320.1000061 247.6000061 0.0018678 0.0018546 40.0000000 0.0747105 2.9884198
1341848030.022873 2.0335531 -1.2930725 3.1915126 -0.4043097 -0.3960893 0.8244070 0.4946883 0.6634434 0.5613611 -0.7692965 0.6347883 -0.0722959 117 1411 535.4000244 539.2000122 320.1000061 247.6000061 0.0018678 0.0018546 40.0000000 0.0747105 2.9884198
1341848030.322775 2.0805235 -1.2627001 3.1517143 -0.3506312 -0.4178673 0.8381197 0.5108388 0.6647353 0.5451336 -0.7849213 0.6192849 -0.0196141 118 1420 535.4000244 539.2000122 320.1000061 247.6000061 0.0018678 0.0018546 40.0000000 0.0747105 2.9884198
1341848030.658903 2.1149056 -1.2179512 3.0987337 -0.2809814 -0.4315615 0.8572072 0.5299771 0.6748751 0.5134860 -0.8001086 0.5985802 0.0390903 119 1429 535.4000244 539.2000122 320.1000061 247.6000061 0.0018678 0.0018546 40.0000000 0.0747105 2.9884198
1341848030.958727 2.1519628 -1.1855826 3.0310888 -0.2064336 -0.4092960 0.8887417 0.5343251 0.7137576 0.4528209 -0.8196840 0.5683545 0.0713536 120 1438 535.4000244 539.2000122 320.1000061 247.6000061 0.0018678 0.0018546 40.0000000 0.0747105 2.9884198
1341848031.230953 2.1924114 -1.1582948 2.9641805 -0.1665202 -0.3790441 0.9102728 0.5367911 0.7395291 0.4061428 -0.8271193 0.5562574 0.0803210 121 1446 535.4000244 539.2000122 320.1000061 247.6000061 0.0018678 0.0018546 40.0000000 0.0747105 2.9884198
1341848031.598730 2.2313261 -1.1340141 2.8974373 -0.1235007 -0.3900674 0.9124664 0.5380486 0.7462933 0.3918545 -0.8338173 0.5393456 0.1177075 122 1456 535.4000244 539.2000122 320.1000061 247.6000061 0.0018678 0.0018546 40.0000000 0.0747105 2.9884198
1341848031.930844 2.2811117 -1.1162016 2.8517945 -0.0480111 -0.3936147 0.9180209 0.5193806 0.7752210 0.3595500 -0.8531933 0.4940646 0.1672166 123 1466 535.4000244 539.2000122 320.1000061 247.6000061 0.0018678 0.0018546 40.0000000 0.0747105 2.9884198
1341848032.266730 2.3418245 -1.0856504 2.7973685 -0.0040230 -0.3985378 0.9171431 0.5141852 0.7857941 0.3437165 -0.8576697 0.4729643 0.2017610 124 1476 535.4000244 539.2000122 320.1000061 247.6000061 0.0018678 0.0018546 40.0000000 0.0747105 2.9884198
1341848032.634746 2.3940139 -1.0579271 2.7388554 0.0263554 -0.3968571 0.9175020 0.4929113 0.8036471 0.3334513 -0.8696803 0.4434589 0.2167958 125 1487 535.4000244 539.2000122 320.1000061 247.6000061 0.0018678 0.0018546 40.0000000 0.0747105 2.9884198
1341848033.006687 2.4302168 -1.0217240 2.6605783 0.0385430 -0.3961018 0.9173973 0.4824127 0.8113807 0.3300595 -0.8750957 0.4298426 0.2223575 126 1498 535.4000244 539.2000122 320.1000061 247.6000061 0.0018678 0.0018546 40.0000000 0.0747105 2.9884198
1341848033.406805 2.4344745 -0.9788534 2.5783489 0.1033584 -0.3875513 0.9160355 0.4791344 0.8264701 0.2955966 -0.8716348 0.4083517 0.2711118 127 1510 535.4000244 539.2000122 320.1000061 247.6000061 0.0018678 0.0018546 40.0000000 0.0747105 2.9884198
1341848033.774817 2.4416525 -0.9489935 2.5101299 0.1421708 -0.3710568 0.9176624 0.4712738 0.8406347 0.2668976 -0.8704531 0.3945252 0.2943830 128 1521 535.4000244 539.2000122 320.1000061 247.6000061 0.0018678 0.0018546 40.0000000 0.0747105 2.9884198
1341848034.178809 2.4629560 -0.9336971 2.4581337 0.2526125 -0.3631525 0.8968318 0.4265125 0.8737741 0.2336791 -0.8684895 0.3234797 0.3756154 129 1533 535.4000244 539.2000122 320.1000061 247.6000061 0.0018678 0.0018546 40.0000000 0.0747105 2.9884198
1341848034.715163 2.5341587 -0.8780992 2.3555808 0.3218317 -0.3374729 0.8846109 0.4080531 0.8925319 0.1920402 -0.8543518 0.2991636 0.4249519 130 1547 535.4000244 539.2000122 320.1000061 247.6000061 0.0018678 0.0018546 40.0000000 0.0747105 2.9884198
1341848035.218946 2.5605798 -0.8047398 2.2776868 0.3549897 -0.3420953 0.8700305 0.4236341 0.8884726 0.1764957 -0.8333766 0.3059204 0.4603218 131 1560 535.4000244 539.2000122 320.1000061 247.6000061 0.0018678 0.0018546 40.0000000 0.0747105 2.9884198
1341848035.686693 2.5495925 -0.7614084 2.1811757 0.4013258 -0.2892784 0.8690544 0.3870686 0.9134942 0.1253243 -0.8301298 0.2860878 0.4785794 132 1571 535.4000244 539.2000122 320.1000061 247.6000061 0.0018678 0.0018546 40.0000000 0.0747105 2.9884198
1341848036.022779 2.5321517 -0.7323995 2.1108894 0.4487675 -0.2462644 0.8590469 0.3683225 0.9268059 0.0732767 -0.8142151 0.2835221 0.5066251 133 1581 535.4000244 539.2000122 320.1000061 247.6000061 0.0018678 0.0018546 40.0000000 0.0747105 2.9884198
1341848036.491205 2.5022709 -0.6842475 2.0187569 0.4907862 -0.2563731 0.8327075 0.3644153 0.9285191 0.0710902 -0.7914103 0.2685613 0.5491307 134 1593 535.4000244 539.2000122 320.1000061 247.6000061 0.0018678 0.0018546 40.0000000 0.0747105 2.9884198
1341848036.858633 2.4844711 -0.6414120 1.9131330 0.5396913 -0.2298818 0.8098689 0.3125378 0.9479572 0.0608051 -0.7816991 0.2202986 0.5834510 135 1604 535.4000244 539.2000122 320.1000061 247.6000061 0.0018678 0.0018546 40.0000000 0.0747105 2.9884198
1341848037.263738 2.4658937 -0.5956522 1.7748414 0.5563791 -0.2174646 0.8019673 0.2444189 0.9652784 0.0921787 -0.7941673 0.1447296 0.5902132 136 1615 535.4000244 539.2000122 320.1000061 247.6000061 0.0018678 0.0018546 40.0000000 0.0747105 2.9884198
1341848037.698670 2.4227695 -0.5390522 1.6605202 0.5600153 -0.2519301 0.7892491 0.2422755 0.9607999 0.1347818 -0.7922660 0.1157359 0.5990992 137 1627 535.4000244 539.2000122 320.1000061 247.6000061 0.0018678 0.0018546 40.0000000 0.0747105 2.9884198
1341848038.198711 2.3330789 -0.4689815 1.5635309 0.6448665 -0.2164528 0.7330043 0.2470932 0.9665993 0.0680500 -0.7232511 0.1372372 0.6768115 138 1640 535.4000244 539.2000122 320.1000061 247.6000061 0.0018678 0.0018546 40.0000000 0.0747105 2.9884198
1341848038.702868 2.2541337 -0.4260168 1.4544984 0.6788675 -0.2229970 0.6995794 0.2331494 0.9689260 0.0826069 -0.6962616 0.1070274 0.7097639 139 1654 535.4000244 539.2000122 320.1000061 247.6000061 0.0018678 0.0018546 40.0000000 0.0747105 2.9884198
1341848039.106775 2.2278402 -0.3652224 1.3469017 0.7184959 -0.1943892 0.6678147 0.2046973 0.9767258 0.0640759 -0.6647275 0.0906616 0.7415645 140 1666 535.4000244 539.2000122 320.1000061 247.6000061 0.0018678 0.0018546 40.0000000 0.0747105 2.9884198
1341848039.474867 2.2123473 -0.3148567 1.2618524 0.7453150 -0.1799948 0.6419560 0.1901837 0.9802598 0.0540456 -0.6390115 0.0818086 0.7648343 141 1677 535.4000244 539.2000122 320.1000061 247.6000061 0.0018678 0.0018546 40.0000000 0.0747105 2.9884198
1341848039.943367 2.1394579 -0.2685426 1.1779083 0.7774500 -0.1870666 0.6004811 0.1843589 0.9805871 0.0667885 -0.6013179 0.0587793 0.7968448 142 1690 535.4000244 539.2000122 320.1000061 247.6000061 0.0018678 0.0018546 40.0000000 0.0747105 2.9884198
1341848040.410884 2.0363529 -0.2271141 1.1045855 0.8278435 -0.1250971 0.5468324 0.1465986 0.9891865 0.0043591 -0.5414646 0.0765562 0.8372307 143 1704 535.4000244 539.2000122 320.1000061 247.6000061 0.0018678 0.0018546 40.0000000 0.0747105 2.9884198
1341848040.882827 1.9542134 -0.2164500 1.0350178 0.8855750 -0.1019681 0.4531660 0.1000818 0.9945791 0.0282136 -0.4535863 0.0203684 0.8909795 144 1717 535.4000244 539.2000122 320.1000061 247.6000061 0.0018678 0.0018546 40.0000000 0.0747105 2.9884198
1341848041.384901 1.8627981 -0.1703462 0.9919039 0.9353215 -0.0059027 0.3537496 0.0218622 0.9989144 -0.0411362 -0.3531228 0.0462093 0.9344351 145 1730 535.4000244 539.2000122 320.1000061 247.6000061 0.0018678 0.0018546 40.0000000 0.0747105 2.9884198
1341848041.818704 1.7377287 -0.1575160 0.9888492 0.9618494 0.0367215 0.2711039 -0.0224505 0.9982031 -0.0555562 -0.2726569 0.0473503 0.9609455 146 1743 535.4000244 539.2000122 320.1000061 247.6000061 0.0018678 0.0018546 40.0000000 0.0747105 2.9884198
1341848042.254762 1.6038959 -0.1824424 0.9923491 0.9721933 0.0948859 0.2140954 -0.0827979 0.9944600 -0.0647594 -0.2190540 0.0452321 0.9746637 147 1755 535.4000244 539.2000122 320.1000061 247.6000061 0.0018678 0.0018546 40.0000000 0.0747105 2.9884198
1341848042.729778 1.4666125 -0.1737506 1.0097895 0.9813827 0.1673676 0.0942132 -0.1601372 0.9838693 -0.0797333 -0.1060383 0.0631618 0.9923540 148 1768 535.4000244 539.2000122 320.1000061 247.6000061 0.0018678 0.0018546 40.0000000 0.0747105 2.9884198
1341848043.637798 1.2187713 -0.1851198 1.0459677 0.9606130 0.2639893 -0.0867889 -0.2700793 0.9604383 -0.0679375 0.0654206 0.0887015 0.9939075 150 1795 535.4000244 539.2000122 320.1000061 247.6000061 0.0018678 0.0018546 40.0000000 0.0747105 2.9884198
1341848043.969826 1.1332687 -0.2179790 1.1029241 0.9514072 0.2827294 -0.1220180 -0.2928179 0.9532743 -0.0743362 0.0952996 0.1064530 0.9897403 151 1805 535.4000244 539.2000122 320.1000061 247.6000061 0.0018678 0.0018546 40.0000000 0.0747105 2.9884198
1341848044.337838 1.0518425 -0.2497701 1.1530228 0.9441479 0.2904698 -0.1556020 -0.3051451 0.9489296 -0.0801190 0.1243832 0.1231254 0.9845654 152 1816 535.4000244 539.2000122 320.1000061 247.6000061 0.0018678 0.0018546 40.0000000 0.0747105 2.9884198
1341848044.771011 0.9820284 -0.2736060 1.2190702 0.8918173 0.3726302 -0.2565318 -0.3986152 0.9154023 -0.0560766 0.2139340 0.1522675 0.9649077 153 1827 535.4000244 539.2000122 320.1000061 247.6000061 0.0018678 0.0018546 40.0000000 0.0747105 2.9884198
1341848045.170759 0.8969530 -0.2948032 1.2708428 0.8639889 0.4093417 -0.2931938 -0.4409769 0.8962221 -0.0482210 0.2430279 0.1709542 0.9548362 154 1838 535.4000244 539.2000122 320.1000061 247.6000061 0.0018678 0.0018546 40.0000000 0.0747105 2.9884198
1341848045.645890 0.8129101 -0.3378227 1.3684214 0.8698463 0.3924900 -0.2988627 -0.4269954 0.9024137 -0.0576586 0.2470673 0.1777671 0.9525527 155 1850 535.4000244 539.2000122 320.1000061 247.6000061 0.0018678 0.0018546 40.0000000 0.0747105 2.9884198
1341848046.074722 0.7375016 -0.3624510 1.4727803 0.9050010 0.3526258 -0.2379670 -0.3782016 0.9230312 -0.0705483 0.1947738 0.1538457 0.9687077 156 1862 535.4000244 539.2000122 320.1000061 247.6000061 0.0018678 0.0018546 40.0000000 0.0747105 2.9884198
1341848046.549658 0.6336170 -0.3642731 1.5200315 0.9391211 0.2795497 -0.1997584 -0.3057913 0.9451333 -0.1149555 0.1566625 0.1690415 0.9730785 157 1876 535.4000244 539.2000122 320.1000061 247.6000061 0.0018678 0.0018546 40.0000000 0.0747105 2.9884198
1341848046.946882 0.5332675 -0.3402071 1.4900858 0.9503180 0.2639822 -0.1649520 -0.2822502 0.9542187 -0.0990025 0.1312654 0.1406416 0.9813202 158 1887 535.4000244 539.2000122 320.1000061 247.6000061 0.0018678 0.0018546 40.0000000 0.0747105 2.9884198
1341848047.414781 0.4029562 -0.3124133 1.4410011 0.9614810 0.2413940 -0.1314653 -0.2561560 0.9603521 -0.1100358 0.0996910 0.1394730 0.9851949 159 1899 535.4000244 539.2000122 320.1000061 247.6000061 0.0018678 0.0018546 40.0000000 0.0747105 2.9884198
1341848047.850811 0.2927987 -0.3087546 1.4056268 0.9712058 0.2174369 -0.0973672 -0.2273405 0.9680467 -0.1058396 0.0712426 0.1249275 0.9896048 160 1911 535.4000244 539.2000122 320.1000061 247.6000061 0.0018678 0.0018546 40.0000000 0.0747105 2.9884198
1341848048.254953 0.1917560 -0.3226104 1.3967180 0.9674898 0.2236986 -0.1179937 -0.2347400 0.9679066 -0.0897436 0.0941313 0.1145239 0.9889507 161 1923 535.4000244 539.2000122 320.1000061 247.6000061 0.0018678 0.0018546 40.0000000 0.0747105 2.9884198
1341848048.822736 0.0639791 -0.3475146 1.3644437 0.9602857 0.2324524 -0.1543284 -0.2388263 0.9707689 -0.0238706 0.1442684 0.0597802 0.9877312 162 1940 535.4000244 539.2000122 320.1000061 247.6000061 0.0018678 0.0018546 40.0000000 0.0747105 2.9884198
1341848049.158854 -0.0058589 -0.3606134 1.3344573 0.9700515 0.2020786 -0.1347748 -0.1998251 0.9793665 0.0301861 0.1380939 -0.0023507 0.9904163 163 1950 535.4000244 539.2000122 320.1000061 247.6000061 0.0018678 0.0018546 40.0000000 0.0747105 2.9884198
1341848050.098678 -0.2669737 -0.3118949 1.2247139 0.9768251 0.1893513 -0.0997936 -0.1848787 0.9813638 0.0523919 0.1078543 -0.0327280 0.9936278 164 1977 535.4000244 539.2000122 320.1000061 247.6000061 0.0018678 0.0018546 40.0000000 0.0747105 2.9884198
1341848050.702846 -0.4143885 -0.2980048 1.2075967 0.9959185 0.0901684 -0.0040048 -0.0899195 0.9950495 0.0423198 0.0078009 -0.0417870 0.9990961 165 1995 535.4000244 539.2000122 320.1000061 247.6000061 0.0018678 0.0018546 40.0000000 0.0747105 2.9884198
1341848051.002763 -0.4888386 -0.3035093 1.2018927 0.9972260 0.0479204 0.0569553 -0.0505396 0.9976863 0.0454720 -0.0546445 -0.0482243 0.9973407 166 2004 535.4000244 539.2000122 320.1000061 247.6000061 0.0018678 0.0018546 40.0000000 0.0747105 2.9884198
