1341847980.722988 -0.0000315 0.0000645 -0.0001037 1.0000000 -0.0000303 0.0001982 0.0000303 1.0000000 -0.0000446 -0.0001982 0.0000446 1.0000000 0 0 535.4000244 539.2000122 320.1000061 247.6000061 0.0018678 0.0018546 40.0000000 0.0747105 2.9884198
1341847982.430770 -0.1471946 0.0019085 -0.0438578 0.9996432 -0.0156725 0.0216293 0.0160031 0.9997564 -0.0151999 -0.0213858 0.0155406 0.9996505 1 48 535.4000244 539.2000122 320.1000061 247.6000061 0.0018678 0.0018546 40.0000000 0.0747105 2.9884198
1341847982.462624 -0.1476687 0.0028754 -0.0448526 0.9994840 -0.0170464 0.0272233 0.0175157 0.9997005 -0.0170935 -0.0269238 0.0175615 0.9994832 2 49 535.4000244 539.2000122 320.1000061 247.6000061 0.0018678 0.0018546 40.0000000 0.0747105 2.9884198
1341847982.630723 -0.1699649 0.0026558 -0.0403683 0.9983424 -0.0240574 0.0522849 0.0242681 0.9996997 -0.0033984 -0.0521874 0.0046616 0.9986264 3 54 535.4000244 539.2000122 320.1000061 247.6000061 0.0018678 0.0018546 40.0000000 0.0747105 2.9884198
1341847983.434705 -0.4107713 0.0016692 -0.0200801 0.9926932 -0.0570124 0.1063477 0.0556952 0.9983303 0.0153173 -0.1070434 -0.0092823 0.9942110 5 78 535.4000244 539.2000122 320.1000061 247.6000061 0.0018678 0.0018546 40.0000000 0.0747105 2.9884198
1341847983.806672 -0.5433373 -0.0088824 -0.0384223 0.9888177 -0.0560540 0.1381936 0.0572739 0.9983466 -0.0048639 -0.1376925 0.0127244 0.9903933 6 88 535.4000244 539.2000122 320.1000061 247.6000061 0.0018678 0.0018546 40.0000000 0.0747105 2.9884198
1341847984.106759 -0.6701086 0.0200376 -0.0449893 0.9855514 -0.0612458 0.1579159 0.0621028 0.9980696 -0.0004934 -0.1575809 0.0102933 0.9874524 7 97 535.4000244 539.2000122 320.1000061 247.6000061 0.0018678 0.0018546 40.0000000 0.0747105 2.9884198
1341847984.574807 -0.8297267 0.0250470 0.0368744 0.9834436 -0.0685219 0.1677601 0.0619856 0.9971111 0.0438996 -0.1702836 -0.0327741 0.9848499 8 110 535.4000244 539.2000122 320.1000061 247.6000061 0.0018678 0.0018546 40.0000000 0.0747105 2.9884198
1341847984.943053 -0.9258633 -0.0181063 0.1664312 0.9811207 -0.0950280 0.1684393 0.0931571 0.9954702 0.0189932 -0.1694812 -0.0029433 0.9855290 9 121 535.4000244 539.2000122 320.1000061 247.6000061 0.0018678 0.0018546 40.0000000 0.0747105 2.9884198
1341847985.414650 -0.9869741 -0.1027092 0.3212425 0.9660083 -0.1151445 0.2314514 0.1082608 0.9932235 0.0422699 -0.2347501 -0.0157760 0.9719278 10 135 535.4000244 539.2000122 320.1000061 247.6000061 0.0018678 0.0018546 40.0000000 0.0747105 2.9884198
1341847985.746954 -1.0357529 -0.1551149 0.4394528 0.9505156 -0.1408919 0.2768926 0.1403147 0.9898624 0.0220022 -0.2771856 0.0179387 0.9606490 11 145 535.4000244 539.2000122 320.1000061 247.6000061 0.0018678 0.0018546 40.0000000 0.0747105 2.9884198
1341847986.018756 -1.0841825 -0.2035126 0.5203891 0.9313829 -0.1663495 0.3238114 0.1742615 0.9846885 0.0046270 -0.3196230 0.0521183 0.9461104 12 153 535.4000244 539.2000122 320.1000061 247.6000061 0.0018678 0.0018546 40.0000000 0.0747105 2.9884198
1341847986.326156 -1.1115725 -0.2649125 0.6169535 0.9087636 -0.1845822 0.3742701 0.1935524 0.9809923 0.0138412 -0.3697110 0.0598625 0.9272164 13 162 535.4000244 539.2000122 320.1000061 247.6000061 0.0018678 0.0018546 40.0000000 0.0747105 2.9884198
1341847987.091223 -1.1527084 -0.3886966 0.8875894 0.8450913 -0.2809787 0.4548314 0.2749521 0.9580420 0.0809745 -0.4584997 0.0566260 0.8868887 15 184 535.4000244 539.2000122 320.1000061 247.6000061 0.0018678 0.0018546 40.0000000 0.0747105 2.9884198
1341847987.390720 -1.1732033 -0.4260183 0.9844301 0.8035154 -0.2675749 0.5317581 0.2538319 0.9620110 0.1005196 -0.5384536 0.0542081 0.8409097 16 190 535.4000244 539.2000122 320.1000061 247.6000061 0.0018678 0.0018546 40.0000000 0.0747105 2.9884198
1341847988.033757 -1.2656610 -0.4328713 1.1806698 0.7404393 -0.2916726 0.6055384 0.3173465 0.9458992 0.0675713 -0.5924870 0.1421330 0.7929422 18 209 535.4000244 539.2000122 320.1000061 247.6000061 0.0018678 0.0018546 40.0000000 0.0747105 2.9884198
1341847988.333739 -1.2997823 -0.4373347 1.2515329 0.7316130 -0.2845282 0.6195047 0.3188996 0.9460194 0.0578818 -0.6025324 0.1552127 0.7828561 19 218 535.4000244 539.2000122 320.1000061 247.6000061 0.0018678 0.0018546 40.0000000 0.0747105 2.9884198
1341847988.873917 -1.3672221 -0.4523952 1.3246415 0.6918025 -0.3289957 0.6427838 0.3474512 0.9320146 0.1030847 -0.6329983 0.1520218 0.7590800 20 234 535.4000244 539.2000122 320.1000061 247.6000061 0.0018678 0.0018546 40.0000000 0.0747105 2.9884198
1341847989.166672 -1.4441667 -0.4815904 1.3489460 0.6712704 -0.3460187 0.6554900 0.3655820 0.9238575 0.1133010 -0.6447836 0.1635797 0.7466564 21 241 535.4000244 539.2000122 320.1000061 247.6000061 0.0018678 0.0018546 40.0000000 0.0747105 2.9884198
1341847989.366685 -1.5085019 -0.5128423 1.3580635 0.6940737 -0.3220757 0.6438392 0.3384643 0.9353232 0.1030160 -0.6353768 0.1464159 0.7581944 22 247 535.4000244 539.2000122 320.1000061 247.6000061 0.0018678 0.0018546 40.0000000 0.0747105 2.9884198
1341847989.634745 -1.5754170 -0.5500368 1.3659639 0.6917229 -0.3016721 0.6561352 0.3083118 0.9449697 0.1094358 -0.6530416 0.1265950 0.7466662 23 255 535.4000244 539.2000122 320.1000061 247.6000061 0.0018678 0.0018546 40.0000000 0.0747105 2.9884198
1341847989.938921 -1.6657333 -0.5641788 1.3732631 0.6671977 -0.3045201 0.6797903 0.3123628 0.9428788 0.1157971 -0.6762224 0.1350816 0.7242073 24 264 535.4000244 539.2000122 320.1000061 247.6000061 0.0018678 0.0018546 40.0000000 0.0747105 2.9884198
1341847990.171055 -1.7518075 -0.5838456 1.3775747 0.6608953 -0.3029046 0.6866339 0.3179819 0.9417648 0.1093919 -0.6797830 0.1460406 0.7187261 25 271 535.4000244 539.2000122 320.1000061 247.6000061 0.0018678 0.0018546 40.0000000 0.0747105 2.9884198
1341847990.442575 -1.8448687 -0.6018221 1.3851992 0.6651217 -0.3120930 0.6783885 0.3258148 0.9387262 0.1124184 -0.6719061 0.1462571 0.7260517 26 279 535.4000244 539.2000122 320.1000061 247.6000061 0.0018678 0.0018546 40.0000000 0.0747105 2.9884198
1341847990.774671 -1.9286077 -0.6160743 1.4079862 0.6408322 -0.3482631 0.6841396 0.3588719 0.9237090 0.1340620 -0.6786348 0.1596072 0.7169243 27 288 535.4000244 539.2000122 320.1000061 247.6000061 0.0018678 0.0018546 40.0000000 0.0747105 2.9884198
1341847991.310807 -2.0360343 -0.6601295 1.4764535 0.5792843 -0.3580817 0.7322617 0.3808701 0.9131509 0.1452358 -0.7206717 0.1947638 0.6653566 28 304 535.4000244 539.2000122 320.1000061 247.6000061 0.0018678 0.0018546 40.0000000 0.0747105 2.9884198
1341847991.782657 -2.1051152 -0.7144045 1.5395211 0.4896471 -0.4241383 0.7618086 0.4445742 0.8730537 0.2003273 -0.7500663 0.2405908 0.6160492 29 317 535.4000244 539.2000122 320.1000061 247.6000061 0.0018678 0.0018546 40.0000000 0.0747105 2.9884198
1341847992.250652 -2.1722071 -0.7785164 1.6147485 0.4184813 -0.4184208 0.8061002 0.4319863 0.8724307 0.2285882 -0.7989126 0.2525643 0.5458480 30 331 535.4000244 539.2000122 320.1000061 247.6000061 0.0018678 0.0018546 40.0000000 0.0747105 2.9884198
1341847992.686829 -2.2814324 -0.8316691 1.7017775 0.3421972 -0.4361810 0.8322543 0.4602837 0.8499932 0.2562235 -0.8191703 0.2953942 0.4916323 31 343 535.4000244 539.2000122 320.1000061 247.6000061 0.0018678 0.0018546 40.0000000 0.0747105 2.9884198
1341847993.086751 -2.3514254 -0.8753299 1.7838304 0.3045903 -0.4455384 0.8418553 0.4561127 0.8441508 0.2817279 -0.8361734 0.2981693 0.4603359 32 355 535.4000244 539.2000122 320.1000061 247.6000061 0.0018678 0.0018546 40.0000000 0.0747105 2.9884198
1341847993.490680 -2.3867331 -0.9279804 1.8871882 0.2400926 -0.4429683 0.8637909 0.4680526 0.8323807 0.2967643 -0.8504601 0.3330487 0.4071809 33 366 535.4000244 539.2000122 320.1000061 247.6000061 0.0018678 0.0018546 40.0000000 0.0747105 2.9884198
1341847993.690739 -2.4060597 -0.9540305 1.9498050 0.2167168 -0.4729194 0.8540381 0.4806200 0.8131494 0.3283176 -0.8497283 0.3393159 0.4035176 34 372 535.4000244 539.2000122 320.1000061 247.6000061 0.0018678 0.0018546 40.0000000 0.0747105 2.9884198
1341847994.034008 -2.4120731 -1.0135181 2.0329556 0.1783477 -0.4783841 0.8598493 0.4531469 0.8156081 0.3597796 -0.8734128 0.3254722 0.3622401 35 381 535.4000244 539.2000122 320.1000061 247.6000061 0.0018678 0.0018546 40.0000000 0.0747105 2.9884198
1341847994.301751 -2.4395382 -1.0589497 2.0836792 0.1358654 -0.4588326 0.8780736 0.4662029 0.8116421 0.3519830 -0.8741827 0.3615382 0.3241832 36 389 535.4000244 539.2000122 320.1000061 247.6000061 0.0018678 0.0018546 40.0000000 0.0747105 2.9884198
1341847994.537738 -2.4722040 -1.1068547 2.1512113 0.0986517 -0.4431743 0.8909907 0.4831040 0.8040977 0.3464642 -0.8699875 0.3962619 0.2934249 37 396 535.4000244 539.2000122 320.1000061 247.6000061 0.0018678 0.0018546 40.0000000 0.0747105 2.9884198
1341847994.866828 -2.5177333 -1.1562891 2.2557259 0.0385237 -0.4699854 0.8818331 0.4845340 0.7805861 0.3948571 -0.8739238 0.4120668 0.2577949 38 404 535.4000244 539.2000122 320.1000061 247.6000061 0.0018678 0.0018546 40.0000000 0.0747105 2.9884198
1341847995.198787 -2.5336223 -1.1980793 2.3333840 -0.0364165 -0.4672167 0.8833926 0.4833306 0.7654775 0.4247772 -0.8746802 0.4424395 0.1979441 39 414 535.4000244 539.2000122 320.1000061 247.6000061 0.0018678 0.0018546 40.0000000 0.0747105 2.9884198
1341847995.534752 -2.5402372 -1.2431052 2.4134409 -0.0817657 -0.4573514 0.8855191 0.4856030 0.7576147 0.4361304 -0.8703471 0.4656713 0.1601443 40 424 535.4000244 539.2000122 320.1000061 247.6000061 0.0018678 0.0018546 40.0000000 0.0747105 2.9884198
1341847995.902803 -2.5303552 -1.2729588 2.4890790 -0.1205263 -0.4791685 0.8694084 0.5009835 0.7267272 0.4699821 -0.8570234 0.4922044 0.1524657 41 435 535.4000244 539.2000122 320.1000061 247.6000061 0.0018678 0.0018546 40.0000000 0.0747105 2.9884198
1341847996.474783 -2.5323536 -1.3166034 2.5519214 -0.2168004 -0.4525383 0.8649894 0.4859862 0.7184303 0.4976700 -0.8466493 0.5282680 0.0641714 42 451 535.4000244 539.2000122 320.1000061 247.6000061 0.0018678 0.0018546 40.0000000 0.0747105 2.9884198
1341847996.742663 -2.5533082 -1.3340243 2.6045525 -0.2572260 -0.4578754 0.8509905 0.4727705 0.7084108 0.5240632 -0.8428065 0.5371259 0.0342483 43 459 535.4000244 539.2000122 320.1000061 247.6000061 0.0018678 0.0018546 40.0000000 0.0747105 2.9884198
1341847997.078725 -2.5689471 -1.3812096 2.6987879 -0.2973804 -0.4450869 0.8446671 0.4812291 0.6942198 0.5352359 -0.8246111 0.5656471 0.0077414 44 469 535.4000244 539.2000122 320.1000061 247.6000061 0.0018678 0.0018546 40.0000000 0.0747105 2.9884198
1341847997.346642 -2.5782933 -1.4188416 2.7746985 -0.2998820 -0.4472593 0.8426328 0.4673378 0.7011611 0.5384873 -0.8316647 0.5552768 -0.0012444 45 476 535.4000244 539.2000122 320.1000061 247.6000061 0.0018678 0.0018546 40.0000000 0.0747105 2.9884198
1341847997.646995 -2.5572104 -1.4726115 2.8453257 -0.3501202 -0.4247550 0.8348647 0.4394914 0.7125956 0.5468591 -0.8272020 0.5583823 -0.0628180 46 485 535.4000244 539.2000122 320.1000061 247.6000061 0.0018678 0.0018546 40.0000000 0.0747105 2.9884198
1341847998.014866 -2.5034697 -1.5403093 2.9553106 -0.3918370 -0.3905135 0.8330444 0.4530793 0.7061401 0.5441373 -0.8007390 0.5906482 -0.0997583 47 495 535.4000244 539.2000122 320.1000061 247.6000061 0.0018678 0.0018546 40.0000000 0.0747105 2.9884198
1341847998.351206 -2.4635468 -1.5988628 3.0513003 -0.3798231 -0.4029010 0.8327095 0.4561671 0.7015346 0.5475041 -0.8047645 0.5878094 -0.0826689 48 503 535.4000244 539.2000122 320.1000061 247.6000061 0.0018678 0.0018546 40.0000000 0.0747105 2.9884198
1341847998.650736 -2.4352863 -1.6425463 3.1487780 -0.3567362 -0.4340995 0.8272224 0.4309011 0.7092037 0.5579914 -0.8288929 0.5555068 -0.0659447 49 512 535.4000244 539.2000122 320.1000061 247.6000061 0.0018678 0.0018546 40.0000000 0.0747105 2.9884198
1341847998.918666 -2.4187818 -1.6833284 3.2484531 -0.3748572 -0.4383976 0.8168780 0.4299987 0.6983998 0.5721354 -0.8213302 0.5657255 -0.0732898 50 520 535.4000244 539.2000122 320.1000061 247.6000061 0.0018678 0.0018546 40.0000000 0.0747105 2.9884198
1341847999.290995 -2.3867755 -1.7192659 3.3562529 -0.4198706 -0.4353573 0.7963496 0.4217069 0.6833851 0.5959430 -0.8036616 0.5860451 -0.1033401 51 530 535.4000244 539.2000122 320.1000061 247.6000061 0.0018678 0.0018546 40.0000000 0.0747105 2.9884198
1341847999.622896 -2.3460515 -1.7581353 3.4217463 -0.5124576 -0.3747176 0.7726409 0.4315804 0.6654805 0.6089944 -0.7423783 0.6455404 -0.1793097 52 540 535.4000244 539.2000122 320.1000061 247.6000061 0.0018678 0.0018546 40.0000000 0.0747105 2.9884198
1341847999.897730 -2.2742128 -1.7683259 3.4579515 -0.5831706 -0.3381612 0.7386197 0.4280438 0.6448601 0.6331935 -0.6904278 0.6854213 -0.2313157 53 548 535.4000244 539.2000122 320.1000061 247.6000061 0.0018678 0.0018546 40.0000000 0.0747105 2.9884198
1341848000.327132 -2.1635683 -1.7554536 3.4886765 -0.6847234 -0.3400591 0.6446035 0.3931594 0.5723804 0.7195876 -0.6136608 0.7461504 -0.2582248 54 559 535.4000244 539.2000122 320.1000061 247.6000061 0.0018678 0.0018546 40.0000000 0.0747105 2.9884198
1341848000.730805 -2.0580916 -1.7477720 3.4951530 -0.7371933 -0.3103161 0.6002082 0.3671063 0.5618079 0.7413534 -0.5672556 0.7668610 -0.3002420 55 571 535.4000244 539.2000122 320.1000061 247.6000061 0.0018678 0.0018546 40.0000000 0.0747105 2.9884198
1341848001.130714 -1.9341782 -1.7624297 3.5189419 -0.7861337 -0.2471384 0.5664948 0.3646810 0.5545368 0.7479951 -0.4990005 0.7946141 -0.3458134 56 583 535.4000244 539.2000122 320.1000061 247.6000061 0.0018678 0.0018546 40.0000000 0.0747105 2.9884198
1341848001.434718 -1.8437868 -1.7480154 3.5302057 -0.8313800 -0.2415108 0.5004796 0.2993983 0.5640606 0.7695429 -0.4681537 0.7896253 -0.3966408 57 590 535.4000244 539.2000122 320.1000061 247.6000061 0.0018678 0.0018546 40.0000000 0.0747105 2.9884198
1341848001.770725 -1.7528230 -1.7178407 3.5070946 -0.8956158 -0.1974296 0.3986149 0.2269678 0.5678633 0.7912123 -0.3825675 0.7990950 -0.4637772 58 599 535.4000244 539.2000122 320.1000061 247.6000061 0.0018678 0.0018546 40.0000000 0.0747105 2.9884198
1341848002.102720 -1.6644523 -1.7055144 3.4793320 -0.9340490 -0.1377198 0.3295236 0.2039625 0.5517030 0.8087170 -0.2931755 0.8225917 -0.4872279 59 609 535.4000244 539.2000122 320.1000061 247.6000061 0.0018678 0.0018546 40.0000000 0.0747105 2.9884198
1341848002.406793 -1.5848765 -1.6783731 3.4555054 -0.9574823 -0.1207304 0.2620149 0.1602203 0.5327453 0.8309705 -0.2399106 0.8376196 -0.4907507 60 618 535.4000244 539.2000122 320.1000061 247.6000061 0.0018678 0.0018546 40.0000000 0.0747105 2.9884198
1341848002.806780 -1.4936497 -1.6245131 3.4419672 -0.9708212 -0.1248420 0.2047453 0.1172672 0.4976004 0.8594429 -0.2091759 0.8583754 -0.4684412 61 629 535.4000244 539.2000122 320.1000061 247.6000061 0.0018678 0.0018546 40.0000000 0.0747105 2.9884198
1341848003.042638 -1.4320554 -1.6102153 3.4427605 -0.9641104 -0.1273646 0.2329579 0.1359212 0.5169557 0.8451521 -0.2280714 0.8464839 -0.4810909 62 636 535.4000244 539.2000122 320.1000061 247.6000061 0.0018678 0.0018546 40.0000000 0.0747105 2.9884198
1341848003.378999 -1.3437407 -1.5894233 3.4419165 -0.9559901 -0.1794450 0.2321257 0.1033629 0.5344554 0.8388525 -0.2745887 0.8259279 -0.4923862 63 644 535.4000244 539.2000122 320.1000061 247.6000061 0.0018678 0.0018546 40.0000000 0.0747105 2.9884198
1341848003.546854 -1.2966316 -1.5741479 3.4462404 -0.9370130 -0.2142178 0.2758936 0.1204390 0.5432746 0.8308713 -0.3278734 0.8117657 -0.4832552 64 649 535.4000244 539.2000122 320.1000061 247.6000061 0.0018678 0.0018546 40.0000000 0.0747105 2.9884198
1341848003.785807 -1.2393291 -1.5584961 3.4349127 -0.9068166 -0.2531659 0.3370321 0.1488538 0.5557158 0.8179380 -0.3943681 0.7918882 -0.4662476 65 656 535.4000244 539.2000122 320.1000061 247.6000061 0.0018678 0.0018546 40.0000000 0.0747105 2.9884198
1341848004.053778 -1.1802037 -1.5215716 3.4078283 -0.8784074 -0.2858257 0.3830198 0.1697739 0.5625435 0.8091487 -0.4467408 0.7757890 -0.4456166 66 664 535.4000244 539.2000122 320.1000061 247.6000061 0.0018678 0.0018546 40.0000000 0.0747105 2.9884198
1341848004.289843 -1.1220669 -1.4923965 3.3755364 -0.8510938 -0.3121260 0.4221572 0.1956512 0.5576085 0.8067176 -0.4871960 0.7691879 -0.4135094 67 671 535.4000244 539.2000122 320.1000061 247.6000061 0.0018678 0.0018546 40.0000000 0.0747105 2.9884198
1341848004.557784 -1.0594258 -1.4525857 3.3658013 -0.7930233 -0.3809140 0.4754142 0.2157921 0.5541533 0.8039576 -0.5696910 0.7401478 -0.3572582 68 679 535.4000244 539.2000122 320.1000061 247.6000061 0.0018678 0.0018546 40.0000000 0.0747105 2.9884198
1341848005.461850 -0.9566536 -1.4021444 3.3847363 -0.6572452 -0.4922251 0.5707392 0.2857715 0.5379682 0.7930478 -0.6973976 0.6843278 -0.2129131 69 706 535.4000244 539.2000122 320.1000061 247.6000061 0.0018678 0.0018546 40.0000000 0.0747105 2.9884198
1341848006.233778 -0.8822133 -1.4253147 3.4213107 -0.5222033 -0.5015067 0.6897787 0.3601001 0.6035149 0.7114054 -0.7730663 0.6198877 -0.1345649 70 729 535.4000244 539.2000122 320.1000061 247.6000061 0.0018678 0.0018546 40.0000000 0.0747105 2.9884198
1341848006.937738 -0.8100936 -1.4658203 3.4908812 -0.4856814 -0.4763967 0.7329119 0.3931702 0.6297908 0.6699110 -0.7807245 0.6135224 -0.1185727 71 750 535.4000244 539.2000122 320.1000061 247.6000061 0.0018678 0.0018546 40.0000000 0.0747105 2.9884198
1341848007.534834 -0.7677875 -1.5624192 3.5945094 -0.5813838 -0.4240776 0.6943710 0.3880570 0.6055750 0.6947595 -0.7151256 0.6733774 -0.1875052 72 767 535.4000244 539.2000122 320.1000061 247.6000061 0.0018678 0.0018546 40.0000000 0.0747105 2.9884198
1341848008.103209 -0.6946740 -1.6333768 3.6803112 -0.7052907 -0.3620687 0.6094844 0.3630430 0.5539777 0.7492052 -0.6089045 0.7496766 -0.2592688 73 784 535.4000244 539.2000122 320.1000061 247.6000061 0.0018678 0.0018546 40.0000000 0.0747105 2.9884198
1341848008.638714 -0.5941809 -1.6940255 3.7509935 -0.8018359 -0.2961488 0.5189943 0.3368931 0.4932925 0.8019760 -0.4935202 0.8178988 -0.2957692 74 799 535.4000244 539.2000122 320.1000061 247.6000061 0.0018678 0.0018546 40.0000000 0.0747105 2.9884198
1341848009.042740 -0.5283920 -1.7301767 3.7994621 -0.8484166 -0.2662903 0.4574700 0.2904278 0.4883609 0.8228945 -0.4425393 0.8310193 -0.3369953 75 811 535.4000244 539.2000122 320.1000061 247.6000061 0.0018678 0.0018546 40.0000000 0.0747105 2.9884198
1341848009.242869 -0.4943435 -1.7370319 3.8204858 -0.8831750 -0.2389020 0.4036430 0.2557180 0.4761776 0.8413461 -0.3932050 0.8462746 -0.3594567 76 816 535.4000244 539.2000122 320.1000061 247.6000061 0.0018678 0.0018546 40.0000000 0.0747105 2.9884198
1341848009.542815 -0.4375691 -1.7352923 3.8412371 -0.9228832 -0.2044540 0.3263205 0.2093443 0.4448674 0.8707858 -0.3232050 0.8719470 -0.3677593 77 824 535.4000244 539.2000122 320.1000061 247.6000061 0.0018678 0.0018546 40.0000000 0.0747105 2.9884198
1341848009.846800 -0.3584127 -1.7282602 3.8566408 -0.9253773 -0.2079252 0.3169289 0.1946874 0.4566824 0.8680657 -0.3252285 0.8649904 -0.3821231 78 833 535.4000244 539.2000122 320.1000061 247.6000061 0.0018678 0.0018546 40.0000000 0.0747105 2.9884198
1341848010.214739 -0.2782395 -1.6813804 3.8157158 -0.9286705 -0.2050690 0.3090597 0.1917780 0.4477480 0.8733515 -0.3174782 0.8703266 -0.3764826 79 844 535.4000244 539.2000122 320.1000061 247.6000061 0.0018678 0.0018546 40.0000000 0.0747105 2.9884198
1341848010.414692 -0.2414209 -1.6572444 3.7668769 -0.9392051 -0.1856690 0.2888267 0.1864192 0.4306684 0.8830473 -0.2883430 0.8832054 -0.3698737 80 850 535.4000244 539.2000122 320.1000061 247.6000061 0.0018678 0.0018546 40.0000000 0.0747105 2.9884198
1341848010.650956 -0.2101619 -1.6400518 3.7112749 -0.9541845 -0.1656686 0.2491702 0.1634629 0.4088796 0.8978292 -0.2506227 0.8974249 -0.3630660 81 857 535.4000244 539.2000122 320.1000061 247.6000061 0.0018678 0.0018546 40.0000000 0.0747105 2.9884198
1341848010.950793 -0.2011232 -1.6254611 3.6656036 -0.9694168 -0.1294279 0.2085173 0.1391002 0.4102201 0.9013160 -0.2021934 0.9027557 -0.3796708 82 866 535.4000244 539.2000122 320.1000061 247.6000061 0.0018678 0.0018546 40.0000000 0.0747105 2.9884198
1341848011.622723 -0.1608035 -1.5921587 3.6186643 -0.9938961 -0.0547212 0.0957918 0.0658130 0.4027711 0.9129316 -0.0885389 0.9136635 -0.3967113 83 886 535.4000244 539.2000122 320.1000061 247.6000061 0.0018678 0.0018546 40.0000000 0.0747105 2.9884198
1341848012.190967 -0.1610684 -1.5244889 3.5413301 -0.9994360 -0.0175404 0.0286354 0.0202947 0.3638833 0.9312235 -0.0267540 0.9312794 -0.3633221 84 902 535.4000244 539.2000122 320.1000061 247.6000061 0.0018678 0.0018546 40.0000000 0.0747105 2.9884198
1341848012.494697 -0.1584010 -1.4684525 3.4778953 -0.9961846 -0.0785797 0.0379672 0.0092918 0.3370745 0.9414321 -0.0867752 0.9381930 -0.3350583 85 911 535.4000244 539.2000122 320.1000061 247.6000061 0.0018678 0.0018546 40.0000000 0.0747105 2.9884198
1341848012.762672 -0.1398559 -1.4322598 3.4307473 -0.9872913 -0.1467078 0.0610958 0.0102209 0.3250287 0.9456489 -0.1585920 0.9342554 -0.3193986 86 919 535.4000244 539.2000122 320.1000061 247.6000061 0.0018678 0.0018546 40.0000000 0.0747105 2.9884198
1341848013.162759 -0.1140381 -1.3931712 3.4101055 -0.9480725 -0.2760502 0.1579709 0.0529513 0.3527528 0.9342171 -0.3136155 0.8940703 -0.3198181 87 931 535.4000244 539.2000122 320.1000061 247.6000061 0.0018678 0.0018546 40.0000000 0.0747105 2.9884198
1341848013.430850 -0.0920985 -1.3792527 3.4268928 -0.9113809 -0.3374916 0.2355509 0.1114788 0.3485031 0.9306546 -0.3961783 0.8744398 -0.2799960 88 939 535.4000244 539.2000122 320.1000061 247.6000061 0.0018678 0.0018546 40.0000000 0.0747105 2.9884198
1341848013.666669 -0.0650644 -1.3767177 3.4297938 -0.8547458 -0.4181623 0.3074896 0.1579410 0.3547809 0.9215124 -0.4944332 0.8362241 -0.2372025 89 946 535.4000244 539.2000122 320.1000061 247.6000061 0.0018678 0.0018546 40.0000000 0.0747105 2.9884198
1341848014.002717 -0.0292509 -1.3716583 3.4518213 -0.7790650 -0.4823667 0.4004749 0.2024517 0.4109924 0.8888749 -0.5933558 0.7735681 -0.2225339 90 955 535.4000244 539.2000122 320.1000061 247.6000061 0.0018678 0.0018546 40.0000000 0.0747105 2.9884198
1341848014.234751 0.0178058 -1.3608966 3.4633615 -0.7032104 -0.5524650 0.4475239 0.2241784 0.4250439 0.8769731 -0.6747141 0.7170218 -0.1750446 91 962 535.4000244 539.2000122 320.1000061 247.6000061 0.0018678 0.0018546 40.0000000 0.0747105 2.9884198
1341848014.506633 0.0805210 -1.3581784 3.4987721 -0.5897781 -0.6093445 0.5299633 0.2634968 0.4751308 0.8395357 -0.7633684 0.6347833 -0.1196614 92 969 535.4000244 539.2000122 320.1000061 247.6000061 0.0018678 0.0018546 40.0000000 0.0747105 2.9884198
1341848014.738691 0.1297007 -1.3674507 3.5205822 -0.4901668 -0.6258900 0.6066287 0.2997681 0.5324673 0.7915918 -0.8184593 0.5698599 -0.0733760 93 976 535.4000244 539.2000122 320.1000061 247.6000061 0.0018678 0.0018546 40.0000000 0.0747105 2.9884198
1341848015.006657 0.1663446 -1.3646976 3.5432155 -0.4016308 -0.6195336 0.6744412 0.3733749 0.5616893 0.7383064 -0.8362319 0.5483460 0.0057266 94 984 535.4000244 539.2000122 320.1000061 247.6000061 0.0018678 0.0018546 40.0000000 0.0747105 2.9884198
1341848015.374733 0.2176297 -1.3364542 3.5573168 -0.2503569 -0.6910907 0.6780229 0.3974977 0.5652028 0.7228703 -0.8827894 0.4504881 0.1332045 95 995 535.4000244 539.2000122 320.1000061 247.6000061 0.0018678 0.0018546 40.0000000 0.0747105 2.9884198
1341848015.785761 0.2513965 -1.3308833 3.5633287 -0.0042072 -0.6992223 0.7148920 0.4510328 0.6367237 0.6254218 -0.8924975 0.3250709 0.3126934 96 1007 535.4000244 539.2000122 320.1000061 247.6000061 0.0018678 0.0018546 40.0000000 0.0747105 2.9884198
1341848016.253686 0.2502878 -1.3453861 3.5656409 0.1632001 -0.6454354 0.7461762 0.4286060 0.7276006 0.5356251 -0.8886297 0.2324015 0.3953820 97 1021 535.4000244 539.2000122 320.1000061 247.6000061 0.0018678 0.0018546 40.0000000 0.0747105 2.9884198
1341848016.882757 0.2129270 -1.3980904 3.6160822 0.0835522 -0.6349844 0.7679933 0.4771609 0.7020842 0.5285785 -0.8748351 0.3222925 0.3616504 98 1038 535.4000244 539.2000122 320.1000061 247.6000061 0.0018678 0.0018546 40.0000000 0.0747105 2.9884198
1341848017.318695 0.1524999 -1.4477062 3.6709452 -0.0138566 -0.6142735 0.7889715 0.4753683 0.6901270 0.5456645 -0.8796778 0.3826131 0.2824433 99 1051 535.4000244 539.2000122 320.1000061 247.6000061 0.0018678 0.0018546 40.0000000 0.0747105 2.9884198
1341848017.922823 0.0485143 -1.5131084 3.6976299 -0.1465220 -0.5298572 0.8353339 0.4877387 0.6959687 0.5270090 -0.8606058 0.4846430 0.1564571 100 1069 535.4000244 539.2000122 320.1000061 247.6000061 0.0018678 0.0018546 40.0000000 0.0747105 2.9884198
1341848018.501822 0.0269470 -1.5611149 3.7681262 -0.2838978 -0.5159012 0.8082376 0.4874014 0.6482534 0.5849850 -0.8257372 0.5600120 0.0674133 101 1086 535.4000244 539.2000122 320.1000061 247.6000061 0.0018678 0.0018546 40.0000000 0.0747105 2.9884198
1341848018.733853 0.0209963 -1.5943260 3.8299522 -0.3482911 -0.5071751 0.7883316 0.4727125 0.6311941 0.6149284 -0.8094666 0.5868283 0.0199087 102 1093 535.4000244 539.2000122 320.1000061 247.6000061 0.0018678 0.0018546 40.0000000 0.0747105 2.9884198
1341848018.933795 0.0209284 -1.6331388 3.8816390 -0.3770923 -0.4911147 0.7852437 0.4680786 0.6305334 0.6191366 -0.7991895 0.6010274 -0.0078890 103 1099 535.4000244 539.2000122 320.1000061 247.6000061 0.0018678 0.0018546 40.0000000 0.0747105 2.9884198
1341848019.198644 0.0077894 -1.6796031 3.9293923 -0.4191968 -0.4806756 0.7702110 0.4513765 0.6257315 0.6361756 -0.7877393 0.6143379 -0.0453390 104 1105 535.4000244 539.2000122 320.1000061 247.6000061 0.0018678 0.0018546 40.0000000 0.0747105 2.9884198
1341848019.467021 -0.0052329 -1.7274420 4.0013433 -0.4920627 -0.4672632 0.7345335 0.4128299 0.6176015 0.6694325 -0.7664501 0.6326402 -0.1109984 105 1113 535.4000244 539.2000122 320.1000061 247.6000061 0.0018678 0.0018546 40.0000000 0.0747105 2.9884198
1341848019.698668 -0.0110018 -1.7727375 4.0861030 -0.5426924 -0.4403859 0.7152239 0.4072958 0.6067340 0.6826302 -0.7345714 0.6617658 -0.1499026 106 1120 535.4000244 539.2000122 320.1000061 247.6000061 0.0018678 0.0018546 40.0000000 0.0747105 2.9884198
1341848019.966705 -0.0072317 -1.8100265 4.1494465 -0.6018779 -0.4140009 0.6828955 0.3908378 0.5930101 0.7039779 -0.6964114 0.6906101 -0.1951124 107 1127 535.4000244 539.2000122 320.1000061 247.6000061 0.0018678 0.0018546 40.0000000 0.0747105 2.9884198
1341848020.234873 0.0079857 -1.8389081 4.1994495 -0.6713377 -0.3844683 0.6336322 0.3550097 0.5836587 0.7302812 -0.6505949 0.7152109 -0.2553421 108 1135 535.4000244 539.2000122 320.1000061 247.6000061 0.0018678 0.0018546 40.0000000 0.0747105 2.9884198
1341848020.538748 0.0514172 -1.8735298 4.2533498 -0.7522065 -0.3212100 0.5753343 0.3173207 0.5886405 0.7435119 -0.5774885 0.7418399 -0.3408526 109 1143 535.4000244 539.2000122 320.1000061 247.6000061 0.0018678 0.0018546 40.0000000 0.0747105 2.9884198
1341848020.870955 0.1097777 -1.9100680 4.3107390 -0.8108593 -0.2790161 0.5144485 0.2996070 0.5572074 0.7744389 -0.5027354 0.7820933 -0.3682216 110 1153 535.4000244 539.2000122 320.1000061 247.6000061 0.0018678 0.0018546 40.0000000 0.0747105 2.9884198
1341848021.206698 0.1715715 -1.9435289 4.3608561 -0.8528283 -0.2462621 0.4604768 0.2694000 0.5479152 0.7919675 -0.4473338 0.7994648 -0.4009345 111 1163 535.4000244 539.2000122 320.1000061 247.6000061 0.0018678 0.0018546 40.0000000 0.0747105 2.9884198
1341848021.487906 0.2415390 -1.9746261 4.3981428 -0.9034280 -0.1749886 0.3914036 0.2305040 0.5715114 0.7875548 -0.3615048 0.8017192 -0.4759839 112 1171 535.4000244 539.2000122 320.1000061 247.6000061 0.0018678 0.0018546 40.0000000 0.0747105 2.9884198
1341848021.844563 0.3410879 -2.0037229 4.4528761 -0.9412081 -0.1477078 0.3038251 0.1695099 0.5714536 0.8029366 -0.2922219 0.8072318 -0.5128188 113 1180 535.4000244 539.2000122 320.1000061 247.6000061 0.0018678 0.0018546 40.0000000 0.0747105 2.9884198
1341848022.178988 0.4528143 -2.0145183 4.4546328 -0.9662027 -0.1224696 0.2268338 0.1140926 0.5858998 0.8023118 -0.2311607 0.8010759 -0.5521251 114 1190 535.4000244 539.2000122 320.1000061 247.6000061 0.0018678 0.0018546 40.0000000 0.0747105 2.9884198
1341848022.554231 0.5667524 -2.0316749 4.4175148 -0.9906442 -0.0333905 0.1323222 0.0849941 0.6076412 0.7896507 -0.1067713 0.7935094 -0.5991182 115 1201 535.4000244 539.2000122 320.1000061 247.6000061 0.0018678 0.0018546 40.0000000 0.0747105 2.9884198
1341848022.882710 0.6511499 -2.0321660 4.3870778 -0.9996262 0.0135855 0.0237270 0.0271346 0.5994063 0.7999849 -0.0033539 0.8003296 -0.5995508 116 1210 535.4000244 539.2000122 320.1000061 247.6000061 0.0018678 0.0018546 40.0000000 0.0747105 2.9884198
1341848023.186687 0.7481781 -2.0051014 4.3419299 -0.9878457 0.0629692 -0.1421117 -0.0801755 0.5768417 0.8129117 0.1331644 0.8144252 -0.5647820 117 1219 535.4000244 539.2000122 320.1000061 247.6000061 0.0018678 0.0018546 40.0000000 0.0747105 2.9884198
1341848023.454710 0.8277845 -1.9670615 4.3198075 -0.9661263 0.1006287 -0.2376425 -0.1496520 0.5317526 0.8335727 0.2102483 0.8409001 -0.4986808 118 1226 535.4000244 539.2000122 320.1000061 247.6000061 0.0018678 0.0018546 40.0000000 0.0747105 2.9884198
1341848023.786854 0.8918085 -1.9321915 4.2588758 -0.9368886 0.1421753 -0.3194150 -0.1966239 0.5411669 0.8176047 0.2891000 0.8288091 -0.4790581 119 1235 535.4000244 539.2000122 320.1000061 247.6000061 0.0018678 0.0018546 40.0000000 0.0747105 2.9884198
1341848024.054725 0.9293802 -1.8978573 4.1872296 -0.9038208 0.1953254 -0.3807307 -0.2187966 0.5536923 0.8034630 0.3677444 0.8094892 -0.4577022 120 1243 535.4000244 539.2000122 320.1000061 247.6000061 0.0018678 0.0018546 40.0000000 0.0747105 2.9884198
1341848024.426783 0.9605200 -1.8611592 4.1047425 -0.8589308 0.2559958 -0.4435133 -0.2502992 0.5457047 0.7997229 0.4467531 0.7979176 -0.4046470 121 1253 535.4000244 539.2000122 320.1000061 247.6000061 0.0018678 0.0018546 40.0000000 0.0747105 2.9884198
1341848024.727054 1.0021323 -1.8135750 4.0543432 -0.8177266 0.2912539 -0.4964820 -0.2930568 0.5317190 0.7946022 0.4954199 0.7952648 -0.3494469 122 1262 535.4000244 539.2000122 320.1000061 247.6000061 0.0018678 0.0018546 40.0000000 0.0747105 2.9884198
1341848025.026872 1.0761404 -1.7724276 4.0096679 -0.7717146 0.3416703 -0.5363936 -0.3021464 0.5451859 0.7819718 0.5596107 0.7655284 -0.3174934 123 1271 535.4000244 539.2000122 320.1000061 247.6000061 0.0018678 0.0018546 40.0000000 0.0747105 2.9884198
1341848025.398825 1.1657056 -1.7323120 3.9664042 -0.7232570 0.3763927 -0.5789887 -0.3234197 0.5561622 0.7655607 0.6101631 0.7409535 -0.2805155 124 1281 535.4000244 539.2000122 320.1000061 247.6000061 0.0018678 0.0018546 40.0000000 0.0747105 2.9884198
1341848025.730719 1.2164752 -1.7026732 3.9212580 -0.6848772 0.3915607 -0.6145107 -0.3593962 0.5520999 0.7523431 0.6338592 0.7361155 -0.2373952 125 1291 535.4000244 539.2000122 320.1000061 247.6000061 0.0018678 0.0018546 40.0000000 0.0747105 2.9884198
1341848026.102823 1.2658367 -1.6617035 3.8724236 -0.6313283 0.4334387 -0.6430827 -0.3607361 0.5699288 0.7382754 0.6865085 0.6980774 -0.2034552 126 1302 535.4000244 539.2000122 320.1000061 247.6000061 0.0018678 0.0018546 40.0000000 0.0747105 2.9884198
1341848026.371024 1.3045194 -1.6301583 3.8350213 -0.5845270 0.4817290 -0.6528900 -0.3536965 0.5729069 0.7393758 0.7302239 0.6631100 -0.1644937 127 1310 535.4000244 539.2000122 320.1000061 247.6000061 0.0018678 0.0018546 40.0000000 0.0747105 2.9884198
1341848026.738795 1.3587326 -1.5926285 3.7827117 -0.5438198 0.4861128 -0.6840719 -0.3665771 0.5956630 0.7147075 0.7549047 0.6394373 -0.1457355 128 1320 535.4000244 539.2000122 320.1000061 247.6000061 0.0018678 0.0018546 40.0000000 0.0747105 2.9884198
1341848027.038669 1.4382619 -1.5589402 3.7400966 -0.5398032 0.4878129 -0.6860402 -0.3798710 0.5861155 0.7156582 0.7512060 0.6469213 -0.1310811 129 1328 535.4000244 539.2000122 320.1000061 247.6000061 0.0018678 0.0018546 40.0000000 0.0747105 2.9884198
1341848027.274701 1.5123692 -1.5457456 3.7190814 -0.5197890 0.4913616 -0.6988442 -0.3784400 0.6009561 0.7040134 0.7658999 0.6304090 -0.1264195 130 1335 535.4000244 539.2000122 320.1000061 247.6000061 0.0018678 0.0018546 40.0000000 0.0747105 2.9884198
1341848027.506714 1.5893205 -1.5345514 3.6926842 -0.5196767 0.4756238 -0.7097310 -0.3679739 0.6251120 0.6883532 0.7710586 0.6188837 -0.1498390 131 1342 535.4000244 539.2000122 320.1000061 247.6000061 0.0018678 0.0018546 40.0000000 0.0747105 2.9884198
1341848027.810746 1.6594737 -1.5147885 3.6548274 -0.5464345 0.4527925 -0.7045483 -0.3637317 0.6294630 0.6866409 0.7543929 0.6314707 -0.1792654 132 1351 535.4000244 539.2000122 320.1000061 247.6000061 0.0018678 0.0018546 40.0000000 0.0747105 2.9884198
1341848028.078967 1.6992214 -1.4893835 3.6016510 -0.5710153 0.4347060 -0.6963995 -0.3726501 0.6186095 0.6917038 0.7314872 0.6544868 -0.1912423 133 1359 535.4000244 539.2000122 320.1000061 247.6000061 0.0018678 0.0018546 40.0000000 0.0747105 2.9884198
1341848028.414628 1.7312182 -1.4613231 3.5299890 -0.5610920 0.4334805 -0.7051740 -0.3599035 0.6394147 0.6794249 0.7454161 0.6350145 -0.2027594 134 1366 535.4000244 539.2000122 320.1000061 247.6000061 0.0018678 0.0018546 40.0000000 0.0747105 2.9884198
1341848028.814757 1.7903912 -1.4129672 3.4289112 -0.5492420 0.4438840 -0.7080256 -0.3502366 0.6469848 0.6773072 0.7587276 0.6199821 -0.1998868 135 1376 535.4000244 539.2000122 320.1000061 247.6000061 0.0018678 0.0018546 40.0000000 0.0747105 2.9884198
1341848029.218708 1.8391423 -1.3721092 3.3455606 -0.5449842 0.4527815 -0.7056778 -0.3619902 0.6321035 0.6851338 0.7562773 0.6288355 -0.1805840 136 1387 535.4000244 539.2000122 320.1000061 247.6000061 0.0018678 0.0018546 40.0000000 0.0747105 2.9884198
1341848029.655302 1.9236462 -1.3298702 3.2737031 -0.4883862 0.4614828 -0.7406163 -0.3826992 0.6494753 0.6570564 0.7842323 0.6043305 -0.1405857 137 1400 535.4000244 539.2000122 320.1000061 247.6000061 0.0018678 0.0018546 40.0000000 0.0747105 2.9884198
1341848029.922779 1.9916770 -1.3061018 3.2391183 -0.4395224 0.4786930 -0.7600481 -0.3885141 0.6616002 0.6413594 0.8098623 0.5771812 -0.1048091 138 1408 535.4000244 539.2000122 320.1000061 247.6000061 0.0018678 0.0018546 40.0000000 0.0747105 2.9884198
1341848030.222713 2.0484679 -1.2760243 3.2027013 -0.3881285 0.4962309 -0.7766023 -0.4045949 0.6653703 0.6273637 0.8280454 0.5577071 -0.0574767 139 1417 535.4000244 539.2000122 320.1000061 247.6000061 0.0018678 0.0018546 40.0000000 0.0747105 2.9884198
1341848030.490846 2.0823314 -1.2441548 3.1677592 -0.3359336 0.5121647 -0.7904657 -0.4261213 0.6657973 0.6124824 0.8399817 0.5425876 -0.0054194 140 1425 535.4000244 539.2000122 320.1000061 247.6000061 0.0018678 0.0018546 40.0000000 0.0747105 2.9884198
1341848030.726765 2.1064730 -1.2134346 3.1243029 -0.2865987 0.5232745 -0.8025241 -0.4239679 0.6819048 0.5960345 0.8591347 0.5110672 0.0264186 141 1431 535.4000244 539.2000122 320.1000061 247.6000061 0.0018678 0.0018546 40.0000000 0.0747105 2.9884198
1341848030.958727 2.1371207 -1.1896906 3.0708401 -0.2255686 0.5275302 -0.8190426 -0.4042528 0.7142336 0.5713580 0.8863963 0.4599807 0.0521468 142 1438 535.4000244 539.2000122 320.1000061 247.6000061 0.0018678 0.0018546 40.0000000 0.0747105 2.9884198
1341848031.194685 2.1749854 -1.1632898 3.0120952 -0.1875443 0.5280589 -0.8282397 -0.3750386 0.7408242 0.5572483 0.9078398 0.4151306 0.0591051 143 1445 535.4000244 539.2000122 320.1000061 247.6000061 0.0018678 0.0018546 40.0000000 0.0747105 2.9884198
1341848031.502110 2.2075889 -1.1419797 2.9498708 -0.1605126 0.5333483 -0.8305271 -0.3796372 0.7433484 0.5507348 0.9111044 0.4036989 0.0831621 144 1454 535.4000244 539.2000122 320.1000061 247.6000061 0.0018678 0.0018546 40.0000000 0.0747105 2.9884198
1341848031.766658 2.2415848 -1.1260778 2.9141774 -0.1107583 0.5209364 -0.8463793 -0.3922960 0.7595512 0.5188311 0.9131464 0.3894961 0.1202347 145 1461 535.4000244 539.2000122 320.1000061 247.6000061 0.0018678 0.0018546 40.0000000 0.0747105 2.9884198
1341848032.034711 2.2856660 -1.1124072 2.8765388 -0.0468126 0.5101371 -0.8588182 -0.3922130 0.7813271 0.4854863 0.9186825 0.3595666 0.1635065 146 1469 535.4000244 539.2000122 320.1000061 247.6000061 0.0018678 0.0018546 40.0000000 0.0747105 2.9884198
1341848032.302842 2.3343134 -1.0845420 2.8334463 -0.0194950 0.5078738 -0.8612109 -0.3933916 0.7879988 0.4736042 0.9191643 0.3480260 0.1844312 147 1477 535.4000244 539.2000122 320.1000061 247.6000061 0.0018678 0.0018546 40.0000000 0.0747105 2.9884198
1341848032.603044 2.3796999 -1.0616577 2.7884288 0.0072687 0.4924424 -0.8703147 -0.3918270 0.8021433 0.4505971 0.9200102 0.3377375 0.1987828 148 1486 535.4000244 539.2000122 320.1000061 247.6000061 0.0018678 0.0018546 40.0000000 0.0747105 2.9884198
1341848032.802941 2.4067822 -1.0472279 2.7452335 0.0115368 0.4780951 -0.8782323 -0.3922480 0.8100581 0.4358295 0.9197872 0.3394568 0.1968773 149 1492 535.4000244 539.2000122 320.1000061 247.6000061 0.0018678 0.0018546 40.0000000 0.0747105 2.9884198
1341848033.070841 2.4222448 -1.0162456 2.6891956 0.0275445 0.4737650 -0.8802205 -0.3921684 0.8150820 0.4264332 0.9194810 0.3334488 0.2082466 150 1500 535.4000244 539.2000122 320.1000061 247.6000061 0.0018678 0.0018546 40.0000000 0.0747105 2.9884198
1341848033.374810 2.4312308 -0.9841723 2.6289508 0.0806415 0.4730306 -0.8773477 -0.3818367 0.8277267 0.4111804 0.9207050 0.3018453 0.2473696 151 1509 535.4000244 539.2000122 320.1000061 247.6000061 0.0018678 0.0018546 40.0000000 0.0747105 2.9884198
1341848033.742797 2.4328399 -0.9567240 2.5590317 0.1228312 0.4711765 -0.8734444 -0.3639345 0.8401814 0.4020533 0.9232898 0.2684919 0.2746779 152 1520 535.4000244 539.2000122 320.1000061 247.6000061 0.0018678 0.0018546 40.0000000 0.0747105 2.9884198
1341848034.042713 2.4511449 -0.9398590 2.5150809 0.1903257 0.4439210 -0.8756199 -0.3680600 0.8591325 0.3555603 0.9101143 0.2546084 0.3269046 153 1529 535.4000244 539.2000122 320.1000061 247.6000061 0.0018678 0.0018546 40.0000000 0.0747105 2.9884198
1341848034.521747 2.5033264 -0.9167242 2.4445910 0.2952570 0.3973496 -0.8688709 -0.3318812 0.8954393 0.2967210 0.8959231 0.2007530 0.3962575 154 1543 535.4000244 539.2000122 320.1000061 247.6000061 0.0018678 0.0018546 40.0000000 0.0747105 2.9884198
1341848034.882707 2.5501330 -0.8545662 2.3692560 0.3096622 0.4130185 -0.8564608 -0.3321491 0.8909781 0.3095722 0.8909468 0.1886099 0.4130860 155 1552 535.4000244 539.2000122 320.1000061 247.6000061 0.0018678 0.0018546 40.0000000 0.0747105 2.9884198
1341848035.319914 2.5621266 -0.8029506 2.3051660 0.3422911 0.4181293 -0.8414301 -0.3319438 0.8915916 0.3080223 0.8790052 0.1738742 0.4439793 156 1562 535.4000244 539.2000122 320.1000061 247.6000061 0.0018678 0.0018546 40.0000000 0.0747105 2.9884198
1341848035.686693 2.5522716 -0.7693462 2.2241399 0.3838796 0.3871179 -0.8383175 -0.2841657 0.9133435 0.2916391 0.8785706 0.1262668 0.4606196 157 1571 535.4000244 539.2000122 320.1000061 247.6000061 0.0018678 0.0018546 40.0000000 0.0747105 2.9884198
1341848036.054911 2.5332942 -0.7353560 2.1462843 0.4346611 0.3678932 -0.8220245 -0.2370875 0.9273049 0.2896465 0.8688263 0.0689936 0.4902863 158 1582 535.4000244 539.2000122 320.1000061 247.6000061 0.0018678 0.0018546 40.0000000 0.0747105 2.9884198
1341848036.590723 2.5011799 -0.6811867 2.0381336 0.4828914 0.3572281 -0.7995024 -0.2518300 0.9310896 0.2639202 0.8386880 0.0738939 0.5395758 159 1596 535.4000244 539.2000122 320.1000061 247.6000061 0.0018678 0.0018546 40.0000000 0.0747105 2.9884198
1341848037.026790 2.4853768 -0.6343780 1.9004889 0.5442907 0.2938626 -0.7857432 -0.2156904 0.9541724 0.2074434 0.8106943 0.0565678 0.5827305 160 1608 535.4000244 539.2000122 320.1000061 247.6000061 0.0018678 0.0018546 40.0000000 0.0747105 2.9884198
1341848037.227032 2.4807351 -0.6084692 1.8329740 0.5417609 0.2521230 -0.8018286 -0.2153820 0.9637433 0.1575103 0.8124689 0.0873665 0.5764212 161 1614 535.4000244 539.2000122 320.1000061 247.6000061 0.0018678 0.0018546 40.0000000 0.0747105 2.9884198
1341848037.595756 2.4520350 -0.5648209 1.7249833 0.5323548 0.2382695 -0.8122968 -0.2392528 0.9627973 0.1256165 0.8120077 0.1274717 0.5695564 162 1624 535.4000244 539.2000122 320.1000061 247.6000061 0.0018678 0.0018546 40.0000000 0.0747105 2.9884198
