1305031102.175304 0.0000000 0.0000000 0.0000000 1.0000000 0.0000000 0.0000000 0.0000000 1.0000000 0.0000000 0.0000000 0.0000000 1.0000000 0 0 517.3063965 516.4692383 318.6430359 255.3139954 0.0019331 0.0019362 40.0000000 0.0773236 3.0929446
1305031102.575286 0.0012975 0.0143229 0.1440403 0.9990169 0.0090318 -0.0434021 -0.0049249 0.9955773 0.0938168 0.0440575 -0.0935108 0.9946430 3 10 517.3063965 516.4692383 318.6430359 255.3139954 0.0019331 0.0019362 40.0000000 0.0773236 3.0929446
1305031103.075319 -0.0174900 0.0542126 0.3197743 0.9987016 0.0000787 -0.0509431 0.0048855 0.9952417 0.0973145 0.0507083 -0.0974371 0.9939491 5 23 517.3063965 516.4692383 318.6430359 255.3139954 0.0019331 0.0019362 40.0000000 0.0773236 3.0929446
1305031103.443280 -0.0200035 0.0674129 0.3687214 0.9964538 -0.0232924 -0.0808535 0.0363580 0.9857735 0.1640996 0.0758810 -0.1664573 0.9831246 7 33 517.3063965 516.4692383 318.6430359 255.3139954 0.0019331 0.0019362 40.0000000 0.0773236 3.0929446
1305031106.011285 -0.0010220 0.0291551 0.3081388 0.9996709 -0.0254443 0.0032729 0.0251070 0.9965672 0.0788888 -0.0052689 -0.0787806 0.9968780 13 109 517.3063965 516.4692383 318.6430359 255.3139954 0.0019331 0.0019362 40.0000000 0.0773236 3.0929446
1305031106.276385 -0.0123844 0.0561426 0.3860673 0.9988205 -0.0483450 -0.0045098 0.0485154 0.9899480 0.1328507 -0.0019582 -0.1329128 0.9911258 14 117 517.3063965 516.4692383 318.6430359 255.3139954 0.0019331 0.0019362 40.0000000 0.0773236 3.0929446
1305031106.511129 -0.0172611 0.0493444 0.3889136 0.9998291 -0.0180213 0.0041285 0.0169555 0.9828113 0.1838328 -0.0073704 -0.1837314 0.9829488 15 124 517.3063965 516.4692383 318.6430359 255.3139954 0.0019331 0.0019362 40.0000000 0.0773236 3.0929446
1305031107.611271 0.0220841 -0.0316822 0.0040108 0.9990966 0.0373546 0.0202665 -0.0369176 0.9990865 -0.0215234 -0.0210520 0.0207558 0.9995629 16 157 517.3063965 516.4692383 318.6430359 255.3139954 0.0019331 0.0019362 40.0000000 0.0773236 3.0929446
1305031108.011320 0.0529812 -0.0254364 0.0309892 0.9979385 0.0500854 0.0401282 -0.0498883 0.9987374 -0.0059007 -0.0403731 0.0038867 0.9991771 17 169 517.3063965 516.4692383 318.6430359 255.3139954 0.0019331 0.0019362 40.0000000 0.0773236 3.0929446
1305031108.275358 0.1495040 -0.0173822 0.0573972 0.9939816 0.0307567 0.1051409 -0.0295966 0.9994828 -0.0125774 -0.1054734 0.0093899 0.9943778 18 177 517.3063965 516.4692383 318.6430359 255.3139954 0.0019331 0.0019362 40.0000000 0.0773236 3.0929446
1305031108.511378 0.2376125 -0.0127682 0.0812716 0.9956113 -0.0363084 0.0862541 0.0328071 0.9985927 0.0416692 -0.0876457 -0.0386566 0.9954014 19 184 517.3063965 516.4692383 318.6430359 255.3139954 0.0019331 0.0019362 40.0000000 0.0773236 3.0929446
1305031108.811244 0.3278668 -0.0035326 0.0897291 0.9814438 -0.0710259 0.1781107 0.0629647 0.9967363 0.0505180 -0.1811175 -0.0383659 0.9827128 20 193 517.3063965 516.4692383 318.6430359 255.3139954 0.0019331 0.0019362 40.0000000 0.0773236 3.0929446
1305031109.211379 0.2595910 0.0141179 0.0713155 0.9914186 -0.0694722 0.1107374 0.0665109 0.9973280 0.0302200 -0.1125410 -0.0225955 0.9933901 21 205 517.3063965 516.4692383 318.6430359 255.3139954 0.0019331 0.0019362 40.0000000 0.0773236 3.0929446
1305031109.475363 0.1477196 0.0035432 0.0618189 0.9980699 -0.0582436 0.0215456 0.0565002 0.9956416 0.0741986 -0.0257733 -0.0728381 0.9970107 22 213 517.3063965 516.4692383 318.6430359 255.3139954 0.0019331 0.0019362 40.0000000 0.0773236 3.0929446
1305031110.279321 -0.1651394 0.0195818 0.0797379 0.9952201 0.0620298 -0.0754278 -0.0495025 0.9862159 0.1578852 0.0841817 -0.1533966 0.9845725 25 237 517.3063965 516.4692383 318.6430359 255.3139954 0.0019331 0.0019362 40.0000000 0.0773236 3.0929446
1305031110.511429 -0.2469147 0.0262373 0.0748644 0.9826087 0.1112853 -0.1486461 -0.0858218 0.9820591 0.1679124 0.1646655 -0.1522351 0.9745305 26 244 517.3063965 516.4692383 318.6430359 255.3139954 0.0019331 0.0019362 40.0000000 0.0773236 3.0929446
1305031110.879313 -0.3153449 0.0420091 0.0780402 0.9655709 0.1689242 -0.1978319 -0.1296904 0.9718224 0.1968288 0.2255067 -0.1643953 0.9602713 27 255 517.3063965 516.4692383 318.6430359 255.3139954 0.0019331 0.0019362 40.0000000 0.0773236 3.0929446
1305031111.179326 -0.2518907 0.0496340 0.0910209 0.9735791 0.1544821 -0.1681638 -0.1223580 0.9747066 0.1870173 0.1928011 -0.1614999 0.9678561 28 264 517.3063965 516.4692383 318.6430359 255.3139954 0.0019331 0.0019362 40.0000000 0.0773236 3.0929446
1305031112.679952 0.3352393 0.0023386 0.0957675 0.9854436 -0.0833934 0.1481434 0.0827896 0.9965144 0.0102484 -0.1484817 0.0021655 0.9889128 32 309 517.3063965 516.4692383 318.6430359 255.3139954 0.0019331 0.0019362 40.0000000 0.0773236 3.0929446
1305031112.943321 0.3038197 0.0124181 0.1087754 0.9839340 -0.1013559 0.1469721 0.0937819 0.9939253 0.0575963 -0.1519171 -0.0428877 0.9874623 33 317 517.3063965 516.4692383 318.6430359 255.3139954 0.0019331 0.0019362 40.0000000 0.0773236 3.0929446
1305031113.211259 0.2167209 0.0053412 0.0927751 0.9922220 -0.0738326 0.1002207 0.0666950 0.9951144 0.0727954 -0.1051057 -0.0655450 0.9922987 34 325 517.3063965 516.4692383 318.6430359 255.3139954 0.0019331 0.0019362 40.0000000 0.0773236 3.0929446
1305031114.379320 -0.2852628 0.0137670 0.1042176 0.9873973 0.1228656 -0.0997530 -0.1185311 0.9917751 0.0482964 0.1048665 -0.0358639 0.9938394 37 360 517.3063965 516.4692383 318.6430359 255.3139954 0.0019331 0.0019362 40.0000000 0.0773236 3.0929446
1305031114.679251 -0.3575725 0.0081573 0.1093285 0.9775515 0.1315066 -0.1646178 -0.1187193 0.9892582 0.0852871 0.1740654 -0.0638292 0.9826633 38 369 517.3063965 516.4692383 318.6430359 255.3139954 0.0019331 0.0019362 40.0000000 0.0773236 3.0929446
1305031115.111230 -0.2898661 0.0366443 0.1289793 0.9727675 0.1613266 -0.1664244 -0.1455258 0.9839569 0.1032044 0.1804040 -0.0761748 0.9806384 39 382 517.3063965 516.4692383 318.6430359 255.3139954 0.0019331 0.0019362 40.0000000 0.0773236 3.0929446
1305031115.779425 0.0615432 0.0169562 0.1621153 0.9971368 -0.0656373 -0.0375478 0.0695365 0.9910155 0.1142496 0.0297114 -0.1165334 0.9927422 41 402 517.3063965 516.4692383 318.6430359 255.3139954 0.0019331 0.0019362 40.0000000 0.0773236 3.0929446
1305031116.080030 0.1884415 0.0385573 0.1718257 0.9806713 -0.1707937 0.0954637 0.1573119 0.9783649 0.1343690 -0.1163478 -0.1167542 0.9863223 42 411 517.3063965 516.4692383 318.6430359 255.3139954 0.0019331 0.0019362 40.0000000 0.0773236 3.0929446
1305031116.443369 0.2774171 0.0362835 0.1740691 0.9430136 -0.2590761 0.2088178 0.2209780 0.9567677 0.1891142 -0.2487851 -0.1321931 0.9594952 43 422 517.3063965 516.4692383 318.6430359 255.3139954 0.0019331 0.0019362 40.0000000 0.0773236 3.0929446
1305031116.743291 0.1814457 0.0315732 0.1607226 0.9734704 -0.1494878 0.1732302 0.1211083 0.9789615 0.1642171 -0.1941342 -0.1388809 0.9710943 44 431 517.3063965 516.4692383 318.6430359 255.3139954 0.0019331 0.0019362 40.0000000 0.0773236 3.0929446
1305031117.011382 0.0332220 0.0392769 0.1467006 0.9988496 -0.0124083 0.0463185 0.0055244 0.9892859 0.1458868 -0.0476325 -0.1454631 0.9882164 45 439 517.3063965 516.4692383 318.6430359 255.3139954 0.0019331 0.0019362 40.0000000 0.0773236 3.0929446
1305031118.243173 -0.0560248 -0.1777049 0.2319352 0.9972085 0.0314492 -0.0677209 -0.0210306 0.9885536 0.1493973 0.0716442 -0.1475560 0.9864554 47 476 517.3063965 516.4692383 318.6430359 255.3139954 0.0019331 0.0019362 40.0000000 0.0773236 3.0929446
1305031119.579559 -0.0522458 0.1060058 0.1104456 0.9944672 0.0470299 -0.0939316 -0.0366046 0.9932815 0.1097809 0.0984635 -0.1057352 0.9895074 48 516 517.3063965 516.4692383 318.6430359 255.3139954 0.0019331 0.0019362 40.0000000 0.0773236 3.0929446
1305031119.947392 -0.0609565 0.2146069 0.0901238 0.9980326 0.0125192 -0.0614338 -0.0023323 0.9865965 0.1631623 0.0626530 -0.1626980 0.9846847 49 527 517.3063965 516.4692383 318.6430359 255.3139954 0.0019331 0.0019362 40.0000000 0.0773236 3.0929446
1305031121.583204 -0.0577616 -0.1693530 0.2220360 0.9941438 0.0015835 -0.1080532 0.0015393 0.9995837 0.0288108 0.1080538 -0.0288084 0.9937276 50 576 517.3063965 516.4692383 318.6430359 255.3139954 0.0019331 0.0019362 40.0000000 0.0773236 3.0929446
1305031121.914931 -0.0612500 -0.2241678 0.2409298 0.9963585 -0.0209911 -0.0826382 0.0255430 0.9981916 0.0544159 0.0813465 -0.0563286 0.9950929 51 586 517.3063965 516.4692383 318.6430359 255.3139954 0.0019331 0.0019362 40.0000000 0.0773236 3.0929446
1305031122.314289 -0.0665634 -0.1074895 0.2024756 0.9947245 0.0580207 -0.0845973 -0.0529657 0.9967424 0.0608218 0.0878506 -0.0560202 0.9945572 52 598 517.3063965 516.4692383 318.6430359 255.3139954 0.0019331 0.0019362 40.0000000 0.0773236 3.0929446
1305031123.214704 -0.0658068 0.1636513 0.1056319 0.9941392 0.0402098 -0.1003517 -0.0242879 0.9875987 0.1551095 0.1053441 -0.1517631 0.9827871 53 625 517.3063965 516.4692383 318.6430359 255.3139954 0.0019331 0.0019362 40.0000000 0.0773236 3.0929446
1305031123.611335 -0.0561624 0.2687047 0.0944663 0.9989060 -0.0116514 -0.0452896 0.0219623 0.9719008 0.2343638 0.0412863 -0.2351021 0.9710934 54 637 517.3063965 516.4692383 318.6430359 255.3139954 0.0019331 0.0019362 40.0000000 0.0773236 3.0929446
1305031124.111331 -0.0505814 0.2809780 0.0995293 0.9972261 -0.0342543 -0.0660819 0.0476019 0.9760186 0.2124187 0.0572209 -0.2149751 0.9749418 55 652 517.3063965 516.4692383 318.6430359 255.3139954 0.0019331 0.0019362 40.0000000 0.0773236 3.0929446
1305031124.979438 -0.0489226 -0.0402386 0.1935256 0.9910658 0.0234469 -0.1312968 -0.0120658 0.9961513 0.0868158 0.1328271 -0.0844559 0.9875344 56 678 517.3063965 516.4692383 318.6430359 255.3139954 0.0019331 0.0019362 40.0000000 0.0773236 3.0929446
